Power (mW)	Time (sek)
0.609078852	0.11464190483093262
0.609096314	0.11464190483093262
0.6090975949999999	0.11464190483093262
0.609097828	0.11464190483093262
0.609087932	0.11464190483093262
0.6090675019999999	0.11464190483093262
0.609087292	0.11464190483093262
0.6090975949999999	0.11464190483093262
0.609086594	0.11464190483093262
0.609048817	0.11464190483093262
0.609044335	0.11464190483093262
0.6090271049999999	0.11464190483093262
0.609007722	0.11464190483093262
0.609020004	0.11464190483093262
0.608994276	0.11464190483093262
0.608981587	0.11464190483093262
0.6089409	0.11464190483093262
0.608962902	0.11464190483093262
0.608984556	0.11464190483093262
0.608992821	0.11464190483093262
0.609000446	0.11464190483093262
0.608958071	0.11464190483093262
0.6089561499999999	0.11464190483093262
0.608953822	0.11464190483093262
0.608983915	0.11464190483093262
0.609006442	0.11464190483093262
0.608996255	0.11464190483093262
0.6089948000000001	0.11464190483093262
0.609000388	0.11464190483093262
0.6090271049999999	0.11464190483093262
0.609025243	0.11464190483093262
0.609050039	0.11464190483093262
0.609060051	0.11464190483093262
0.609031064	0.11464190483093262
0.609047827	0.11464190483093262
0.6090691899999999	0.11464190483093262
0.609095616	0.11464190483093262
0.609078503	0.11464190483093262
0.609099807	0.11464190483093262
0.6090800740000001	0.11464190483093262
0.6090551609999999	0.11464190483093262
0.608606148	0.11464190483093262
0.608400383	0.11464190483093262
0.608243281	0.11464190483093262
0.608117378	0.11464190483093262
0.6079961899999999	0.11464190483093262
0.6078676089999999	0.11464190483093262
0.607817841	0.11464190483093262
0.6078091680000001	0.11464190483093262
0.607775932	0.11464190483093262
0.6078079460000001	0.11464190483093262
0.60778734	0.11464190483093262
0.6077778530000001	0.11464190483093262
0.607749564	0.11464190483093262
0.607719528	0.11464190483093262
0.607740541	0.11464190483093262
0.607766386	0.11464190483093262
0.607827504	0.11464190483093262
0.6078266889999999	0.11464190483093262
0.607873139	0.11464190483093262
0.607894151	0.11464190483093262
0.607931172	0.11464190483093262
0.6079626039999999	0.11464190483093262
0.607907248	0.11464190483093262
0.6079009040000001	0.11464190483093262
0.607879017	0.11464190483093262
0.60786237	0.11464190483093262
0.607849157	0.11464190483093262
0.607804395	0.11464190483093262
0.607772148	0.11464190483093262
0.607749738	0.11464190483093262
0.6077489229999999	0.11464190483093262
0.607740367	0.11464190483093262
0.607743685	0.11464190483093262
0.6077188299999999	0.11464190483093262
0.607700436	0.11464190483093262
0.6077269790000001	0.11464190483093262
0.607691705	0.11464190483093262
0.607732683	0.11464190483093262
0.607722322	0.11464190483093262
0.607752067	0.11464190483093262
0.607779541	0.11464190483093262
0.607759168	0.11464190483093262
0.607769063	0.11464190483093262
0.60776883	0.11464190483093262
0.607843045	0.11464190483093262
0.607836584	0.11464190483093262
0.607847818	0.11464190483093262
0.60787145	0.11464190483093262
0.607905677	0.11464190483093262
0.607946131	0.11464190483093262
0.6081412429999999	0.11464190483093262
0.6081433970000001	0.11464190483093262
0.608283968	0.11464190483093262
0.608342641	0.11464190483093262
0.6084084160000001	0.11464190483093262
0.608499045	0.11464190483093262
0.6085829229999999	0.11464190483093262
0.608591246	0.11464190483093262
0.608635193	0.11464190483093262
0.608632923	0.11464190483093262
0.608660397	0.11464190483093262
0.608684903	0.11464190483093262
0.6086988139999999	0.11464190483093262
0.608725182	0.11464190483093262
0.608724542	0.11464190483093262
0.608736882	0.11464190483093262
0.608743343	0.11464190483093262
0.608753704	0.11464190483093262
0.60877169	0.11464190483093262
0.608787057	0.11464190483093262
0.608790549	0.11464190483093262
0.608738104	0.11464190483093262
0.608741539	0.11464190483093262
0.608745613	0.11464190483093262
0.608776754	0.11464190483093262
0.6087850199999999	0.11464190483093262
0.608758535	0.11464190483093262
0.608741539	0.11464190483093262
0.6087617949999999	0.11464190483093262
0.6087898509999999	0.11464190483093262
0.608795148	0.11464190483093262
0.6087894439999999	0.11464190483093262
0.608797534	0.11464190483093262
0.6088134829999999	0.11464190483093262
0.6088460800000001	0.11464190483093262
0.60885353	0.11464190483093262
0.608866394	0.11464190483093262
0.608867034	0.11464190483093262
0.608873961	0.11464190483093262
0.608885137	0.11464190483093262
0.608909875	0.11464190483093262
0.608935312	0.11464190483093262
0.608939561	0.11464190483093262
0.608957431	0.11464190483093262
0.608969596	0.11464190483093262
0.608974893	0.11464190483093262
0.608981238	0.11464190483093262
0.608966162	0.11464190483093262
0.608962262	0.11464190483093262
0.608968432	0.11464190483093262
0.6089741359999999	0.11464190483093262
0.608972856	0.11464190483093262
0.608949165	0.11464190483093262
0.6089461389999999	0.11464190483093262
0.608929317	0.11464190483093262
0.6089448	0.11464190483093262
0.608939328	0.11464190483093262
0.608934555	0.11464190483093262
0.6089413069999999	0.11464190483093262
0.6089231469999999	0.11464190483093262
0.608929317	0.11464190483093262
0.6089396189999999	0.11464190483093262
0.608939503	0.11464190483093262
0.608929317	0.11464190483093262
0.6089344969999999	0.11464190483093262
0.608936185	0.11464190483093262
0.6089409579999999	0.11464190483093262
0.608947652	0.11464190483093262
0.608937873	0.11464190483093262
0.608922506	0.11464190483093262
0.608918723	0.11464190483093262
0.608920876	0.11464190483093262
0.608943519	0.11464190483093262
0.608948525	0.11464190483093262
0.60894026	0.11464190483093262
0.608937058	0.11464190483093262
0.608948758	0.11464190483093262
0.608961796	0.11464190483093262
0.6089737869999999	0.11464190483093262
0.608967384	0.11464190483093262
0.608968956	0.11464190483093262
0.6089755330000001	0.11464190483093262
0.608988863	0.11464190483093262
0.60899253	0.11464190483093262
0.6089836240000001	0.11464190483093262
0.608972216	0.11464190483093262
0.6089657549999999	0.11464190483093262
0.608956092	0.11464190483093262
0.6089596429999999	0.11464190483093262
0.608961796	0.11464190483093262
0.608955219	0.11464190483093262
0.608938339	0.11464190483093262
0.608931063	0.11464190483093262
0.608915521	0.11464190483093262
0.608918606	0.11464190483093262
0.608918315	0.11464190483093262
0.608893868	0.11464190483093262
0.608892238	0.11464190483093262
0.608877919	0.11464190483093262
0.608864822	0.11464190483093262
0.608870701	0.11464190483093262
0.608881877	0.11464190483093262
0.608884147	0.11464190483093262
0.608884788	0.11464190483093262
0.608903065	0.11464190483093262
0.608908711	0.11464190483093262
0.608921284	0.11464190483093262
0.608914474	0.11464190483093262
0.6089241940000001	0.11464190483093262
0.608934148	0.11464190483093262
0.608920061	0.11464190483093262
0.60895778	0.11464190483093262
0.608961564	0.11464190483093262
0.608985138	0.11464190483093262
0.6089822269999999	0.11464190483093262
0.608980365	0.11464190483093262
0.608985894	0.11464190483093262
0.608983915	0.11464190483093262
0.608973613	0.11464190483093262
0.608934846	0.11464190483093262
0.608936476	0.11464190483093262
0.608939328	0.11464190483093262
0.608938513	0.11464190483093262
0.608926464	0.11464190483093262
0.608915114	0.11464190483093262
0.6088960219999999	0.11464190483093262
0.608906033	0.11464190483093262
0.608895207	0.11464190483093262
0.608890608	0.11464190483093262
0.608887407	0.11464190483093262
0.608860573	0.11464190483093262
0.608851609	0.11464190483093262
0.608850271	0.11464190483093262
0.608850562	0.11464190483093262
0.6088495719999999	0.11464190483093262
0.6088544610000001	0.11464190483093262
0.60885743	0.11464190483093262
0.608857663	0.11464190483093262
0.608880306	0.11464190483093262
0.608889037	0.11464190483093262
0.608907139	0.11464190483093262
0.608902832	0.11464190483093262
0.608904171	0.11464190483093262
0.608930364	0.11464190483093262
0.608945382	0.11464190483093262
0.608954928	0.11464190483093262
0.608956441	0.11464190483093262
0.608973263	0.11464190483093262
0.608966104	0.11464190483093262
0.608962844	0.11464190483093262
0.608981994	0.11464190483093262
0.608975359	0.11464190483093262
0.608983682	0.11464190483093262
0.6089596429999999	0.11464190483093262
0.6089603410000001	0.11464190483093262
0.608950853	0.11464190483093262
0.608948932	0.11464190483093262
0.608972332	0.11464190483093262
0.60894608	0.11464190483093262
0.6089497469999999	0.11464190483093262
0.608922797	0.11464190483093262
0.6089220409999999	0.11464190483093262
0.608895556	0.11464190483093262
0.608901086	0.11464190483093262
0.6089135999999999	0.11464190483093262
0.608909468	0.11464190483093262
0.6089238450000001	0.11464190483093262
0.608926697	0.11464190483093262
0.608935487	0.11464190483093262
0.60893473	0.11464190483093262
0.608959992	0.11464190483093262
0.6089874660000001	0.11464190483093262
0.6089889789999999	0.11464190483093262
0.609007431	0.11464190483093262
0.6090106909999999	0.11464190483093262
0.6090326349999999	0.11464190483093262
0.6090282699999999	0.11464190483093262
0.6090562669999999	0.11464190483093262
0.609065581	0.11464190483093262
0.609046489	0.11464190483093262
0.609059702	0.11464190483093262
0.6090397949999999	0.11464190483093262
0.609053881	0.11464190483093262
0.6090423559999999	0.11464190483093262
0.6090343229999999	0.11464190483093262
0.60903962	0.11464190483093262
0.60901395	0.11464190483093262
0.609014183	0.11464190483093262
0.608983915	0.11464190483093262
0.608991948	0.11464190483093262
0.6089512029999999	0.11464190483093262
0.608957082	0.11464190483093262
0.6089657549999999	0.11464190483093262
0.60894643	0.11464190483093262
0.608959177	0.11464190483093262
0.6089469529999999	0.11464190483093262
0.608930946	0.11464190483093262
0.6089372909999999	0.11464190483093262
0.608914066	0.11464190483093262
0.608919596	0.11464190483093262
0.608920876	0.11464190483093262
0.608929258	0.11464190483093262
0.6089241940000001	0.11464190483093262
0.608943868	0.11464190483093262
0.608943054	0.11464190483093262
0.608962204	0.11464190483093262
0.608949689	0.11464190483093262
0.60895161	0.11464190483093262
0.608929491	0.11464190483093262
Power (dBm)
27.844323574981775