Power (mW)	Time (sek)
0.6111188559999999	0.13717436790466309
0.6110991819999999	0.13717436790466309
0.61110052	0.13717436790466309
0.6111052349999999	0.13717436790466309
0.611095398	0.13717436790466309
0.611082476	0.13717436790466309
0.611058262	0.13717436790466309
0.611014839	0.13717436790466309
0.6110373649999999	0.13717436790466309
0.611042604	0.13717436790466309
0.611057272	0.13717436790466309
0.611042604	0.13717436790466309
0.611050113	0.13717436790466309
0.6110587860000001	0.13717436790466309
0.611056224	0.13717436790466309
0.611104653	0.13717436790466309
0.6110931279999999	0.13717436790466309
0.611103082	0.13717436790466309
0.611094409	0.13717436790466309
0.611108902	0.13717436790466309
0.611154712	0.13717436790466309
0.611185678	0.13717436790466309
0.611199241	0.13717436790466309
0.611157273	0.13717436790466309
0.611168973	0.13717436790466309
0.611169555	0.13717436790466309
0.61119668	0.13717436790466309
0.61119668	0.13717436790466309
0.611175667	0.13717436790466309
0.61118952	0.13717436790466309
0.611033989	0.13717436790466309
0.610442657	0.13717436790466309
0.610202143	0.13717436790466309
0.610148127	0.13717436790466309
0.6100652390000001	0.13717436790466309
0.609956798	0.13717436790466309
0.609867449	0.13717436790466309
0.6098026059999999	0.13717436790466309
0.6097600559999999	0.13717436790466309
0.609700161	0.13717436790466309
0.609669834	0.13717436790466309
0.609638868	0.13717436790466309
0.60959754	0.13717436790466309
0.609487121	0.13717436790466309
0.60929457	0.13717436790466309
0.6092095860000001	0.13717436790466309
0.609179202	0.13717436790466309
0.60917862	0.13717436790466309
0.609164359	0.13717436790466309
0.6092924740000001	0.13717436790466309
0.609420531	0.13717436790466309
0.609700161	0.13717436790466309
0.610485906	0.13717436790466309
0.6105406210000001	0.13717436790466309
0.610624382	0.13717436790466309
0.610673043	0.13717436790466309
0.610689283	0.13717436790466309
0.610736257	0.13717436790466309
0.610778283	0.13717436790466309
0.610827177	0.13717436790466309
0.610825606	0.13717436790466309
0.610854593	0.13717436790466309
0.61086705	0.13717436790466309
0.610871299	0.13717436790466309
0.610916817	0.13717436790466309
0.610886491	0.13717436790466309
0.610873336	0.13717436790466309
0.6108632660000001	0.13717436790466309
0.610874675	0.13717436790466309
0.610879681	0.13717436790466309
0.610857736	0.13717436790466309
0.6108672820000001	0.13717436790466309
0.610840041	0.13717436790466309
0.610814721	0.13717436790466309
0.610793126	0.13717436790466309
0.610779272	0.13717436790466309
0.6107829389999999	0.13717436790466309
0.610786432	0.13717436790466309
0.6108075030000001	0.13717436790466309
0.61076507	0.13717436790466309
0.610811985	0.13717436790466309
0.610797666	0.13717436790466309
0.61084755	0.13717436790466309
0.610864954	0.13717436790466309
0.610837713	0.13717436790466309
0.6108647789999999	0.13717436790466309
0.6108764790000001	0.13717436790466309
0.610918796	0.13717436790466309
0.610903895	0.13717436790466309
0.610904244	0.13717436790466309
0.6109264209999999	0.13717436790466309
0.610938179	0.13717436790466309
0.610971532	0.13717436790466309
0.6109562820000001	0.13717436790466309
0.6109762470000001	0.13717436790466309
0.610968564	0.13717436790466309
0.610974967	0.13717436790466309
0.610985851	0.13717436790466309
0.610965595	0.13717436790466309
0.610972289	0.13717436790466309
0.610958959	0.13717436790466309
0.610986026	0.13717436790466309
0.610969611	0.13717436790466309
0.6109698440000001	0.13717436790466309
0.6109559330000001	0.13717436790466309
0.61093102	0.13717436790466309
0.6109264209999999	0.13717436790466309
0.610897667	0.13717436790466309
0.610897783	0.13717436790466309
0.610877702	0.13717436790466309
0.610883289	0.13717436790466309
0.610862277	0.13717436790466309
0.610833871	0.13717436790466309
0.610835908	0.13717436790466309
0.6108139060000001	0.13717436790466309
0.610827585	0.13717436790466309
0.610806863	0.13717436790466309
0.610827468	0.13717436790466309
0.6108134980000001	0.13717436790466309
0.610817457	0.13717436790466309
0.610823627	0.13717436790466309
0.610816467	0.13717436790466309
0.610824849	0.13717436790466309
0.610809075	0.13717436790466309
0.61083422	0.13717436790466309
0.610850751	0.13717436790466309
0.610866351	0.13717436790466309
0.61088003	0.13717436790466309
0.61087514	0.13717436790466309
0.610914896	0.13717436790466309
0.61091216	0.13717436790466309
0.61091088	0.13717436790466309
0.610918563	0.13717436790466309
0.610885792	0.13717436790466309
0.610889052	0.13717436790466309
0.6108550589999999	0.13717436790466309
0.610843592	0.13717436790466309
0.610816118	0.13717436790466309
0.610806863	0.13717436790466309
0.6108002269999999	0.13717436790466309
0.610748073	0.13717436790466309
0.610750751	0.13717436790466309
0.610729912	0.13717436790466309
0.610715011	0.13717436790466309
0.610691495	0.13717436790466309
0.610694464	0.13717436790466309
0.610687886	0.13717436790466309
0.6106598879999999	0.13717436790466309
0.610680552	0.13717436790466309
0.610680901	0.13717436790466309
0.610723742	0.13717436790466309
0.61072415	0.13717436790466309
0.610744988	0.13717436790466309
0.6107661759999999	0.13717436790466309
0.610758376	0.13717436790466309
0.6107963270000001	0.13717436790466309
0.610788411	0.13717436790466309
0.610818039	0.13717436790466309
0.6108134980000001	0.13717436790466309
0.61082514	0.13717436790466309
0.610832067	0.13717436790466309
0.610829098	0.13717436790466309
0.610844174	0.13717436790466309
0.610842544	0.13717436790466309
0.610849471	0.13717436790466309
0.610847375	0.13717436790466309
0.610853313	0.13717436790466309
0.610837713	0.13717436790466309
0.610815478	0.13717436790466309
0.610819319	0.13717436790466309
0.610785151	0.13717436790466309
0.610780902	0.13717436790466309
0.610762159	0.13717436790466309
0.610766059	0.13717436790466309
0.610752206	0.13717436790466309
0.610729388	0.13717436790466309
0.6107347439999999	0.13717436790466309
0.6107037190000001	0.13717436790466309
0.610697665	0.13717436790466309
0.61069103	0.13717436790466309
0.6106811919999999	0.13717436790466309
0.610684976	0.13717436790466309
0.610662159	0.13717436790466309
0.61066699	0.13717436790466309
0.610659423	0.13717436790466309
0.610673043	0.13717436790466309
0.61065238	0.13717436790466309
0.61066763	0.13717436790466309
0.610689225	0.13717436790466309
0.6106699579999999	0.13717436790466309
0.61071763	0.13717436790466309
0.610751915	0.13717436790466309
0.610782241	0.13717436790466309
0.610781019	0.13717436790466309
0.610804302	0.13717436790466309
0.610834919	0.13717436790466309
0.610854593	0.13717436790466309
0.610858144	0.13717436790466309
0.610857271	0.13717436790466309
0.610840623	0.13717436790466309
0.610834919	0.13717436790466309
0.6108436500000001	0.13717436790466309
0.610830088	0.13717436790466309
0.610805873	0.13717436790466309
0.610786432	0.13717436790466309
0.610784511	0.13717436790466309
0.610787596	0.13717436790466309
0.610758318	0.13717436790466309
0.610747957	0.13717436790466309
0.6107336379999999	0.13717436790466309
0.610736082	0.13717436790466309
0.610795862	0.13717436790466309
0.610758376	0.13717436790466309
0.610749237	0.13717436790466309
0.610767107	0.13717436790466309
0.6107593069999999	0.13717436790466309
0.61076961	0.13717436790466309
0.610802206	0.13717436790466309
0.61079202	0.13717436790466309
0.610782299	0.13717436790466309
0.6108002269999999	0.13717436790466309
0.610806106	0.13717436790466309
0.610811345	0.13717436790466309
0.6108310189999999	0.13717436790466309
0.6108264210000001	0.13717436790466309
0.6108135570000001	0.13717436790466309
0.610810705	0.13717436790466309
0.61082287	0.13717436790466309
0.610810297	0.13717436790466309
0.6108511590000001	0.13717436790466309
0.61082124	0.13717436790466309
0.610792194	0.13717436790466309
0.610800926	0.13717436790466309
0.610822928	0.13717436790466309
0.6108002269999999	0.13717436790466309
0.6107874209999999	0.13717436790466309
0.6107638470000001	0.13717436790466309
0.6107706580000001	0.13717436790466309
0.610789633	0.13717436790466309
0.610780844	0.13717436790466309
0.610744755	0.13717436790466309
0.610733463	0.13717436790466309
0.610732182	0.13717436790466309
0.610717572	0.13717436790466309
0.610721414	0.13717436790466309
0.610694697	0.13717436790466309
0.610677002	0.13717436790466309
0.61067706	0.13717436790466309
0.610685092	0.13717436790466309
0.610682531	0.13717436790466309
0.610664778	0.13717436790466309
0.610661402	0.13717436790466309
0.6106813090000001	0.13717436790466309
0.610717281	0.13717436790466309
0.610732182	0.13717436790466309
0.610748364	0.13717436790466309
0.610740623	0.13717436790466309
0.610744988	0.13717436790466309
0.6107560479999999	0.13717436790466309
0.610768097	0.13717436790466309
0.610780378	0.13717436790466309
0.6107773519999999	0.13717436790466309
0.610800053	0.13717436790466309
0.610798015	0.13717436790466309
0.610801682	0.13717436790466309
0.610811345	0.13717436790466309
0.6108134980000001	0.13717436790466309
0.6107987140000001	0.13717436790466309
0.6108026139999999	0.13717436790466309
0.610803254	0.13717436790466309
0.610798481	0.13717436790466309
0.610793184	0.13717436790466309
0.610789692	0.13717436790466309
0.6107589579999999	0.13717436790466309
0.6107657679999999	0.13717436790466309
0.6107855010000001	0.13717436790466309
0.61078876	0.13717436790466309
0.610782532	0.13717436790466309
0.610784453	0.13717436790466309
0.610789633	0.13717436790466309
0.610775372	0.13717436790466309
0.610778516	0.13717436790466309
0.610780029	0.13717436790466309
0.6107774100000001	0.13717436790466309
0.610799412	0.13717436790466309
0.610779563	0.13717436790466309
0.610798656	0.13717436790466309
0.610779971	0.13717436790466309
0.610793068	0.13717436790466309
0.610793883	0.13717436790466309
0.610792602	0.13717436790466309
0.610790623	0.13717436790466309
0.610793184	0.13717436790466309
0.610803021	0.13717436790466309
0.610822637	0.13717436790466309
0.610812509	0.13717436790466309
0.610828109	0.13717436790466309
0.6108511590000001	0.13717436790466309
0.610863033	0.13717436790466309
0.610868155	0.13717436790466309
Power (dBm)
27.85865058930112