Power (mW)	Time (sek)
0.601890846	0.11218428611755371
0.601875072	0.11218428611755371
0.601883454	0.11218428611755371
0.601881475	0.11218428611755371
0.601893233	0.11218428611755371
0.601884793	0.11218428611755371
0.6018856659999999	0.11218428611755371
0.6018659909999999	0.11218428611755371
0.601888343	0.11218428611755371
0.601896259	0.11218428611755371
0.601901906	0.11218428611755371
0.601921463	0.11218428611755371
0.60189428	0.11218428611755371
0.601898704	0.11218428611755371
0.601898006	0.11218428611755371
0.601901847	0.11218428611755371
0.6018918360000001	0.11218428611755371
0.6018886920000001	0.11218428611755371
0.601893058	0.11218428611755371
0.601863489	0.11218428611755371
0.601873442	0.11218428611755371
0.6018792629999999	0.11218428611755371
0.6018900309999999	0.11218428611755371
0.601857086	0.11218428611755371
0.60183875	0.11218428611755371
0.6018261770000001	0.11218428611755371
0.601817679	0.11218428611755371
0.601844862	0.11218428611755371
0.601828855	0.11218428611755371
0.601841952	0.11218428611755371
0.601841544	0.11218428611755371
0.6018744899999999	0.11218428611755371
0.601891545	0.11218428611755371
0.601862441	0.11218428611755371
0.60186832	0.11218428611755371
0.601856736	0.11218428611755371
0.601876294	0.11218428611755371
0.601871463	0.11218428611755371
0.601871521	0.11218428611755371
0.601874373	0.11218428611755371
0.601849635	0.11218428611755371
0.601859065	0.11218428611755371
0.601828622	0.11218428611755371
0.60174492	0.11218428611755371
0.601603242	0.11218428611755371
0.6015583640000001	0.11218428611755371
0.601474836	0.11218428611755371
0.601315347	0.11218428611755371
0.601113599	0.11218428611755371
0.6009611530000001	0.11218428611755371
0.600938627	0.11218428611755371
0.600921514	0.11218428611755371
0.600786356	0.11218428611755371
0.600656902	0.11218428611755371
0.600618077	0.11218428611755371
0.600549625	0.11218428611755371
0.6007074840000001	0.11218428611755371
0.601156149	0.11218428611755371
0.6011775109999999	0.11218428611755371
0.6013445669999999	0.11218428611755371
0.6015235560000001	0.11218428611755371
0.601393811	0.11218428611755371
0.6014474200000001	0.11218428611755371
0.60149841	0.11218428611755371
0.601507782	0.11218428611755371
0.6014958490000001	0.11218428611755371
0.601501029	0.11218428611755371
0.601507723	0.11218428611755371
0.601533917	0.11218428611755371
0.601563312	0.11218428611755371
0.601563894	0.11218428611755371
0.601537467	0.11218428611755371
0.60151174	0.11218428611755371
0.6015186079999999	0.11218428611755371
0.60155039	0.11218428611755371
0.6015270479999999	0.11218428611755371
0.60152699	0.11218428611755371
0.6015217509999999	0.11218428611755371
0.60155848	0.11218428611755371
0.601550972	0.11218428611755371
0.60155848	0.11218428611755371
0.601567328	0.11218428611755371
0.60153869	0.11218428611755371
0.6015640680000001	0.11218428611755371
0.6015836840000001	0.11218428611755371
0.601592532	0.11218428611755371
0.601564534	0.11218428611755371
0.601565465	0.11218428611755371
0.601557374	0.11218428611755371
0.601558306	0.11218428611755371
0.601586478	0.11218428611755371
0.60156564	0.11218428611755371
0.601559761	0.11218428611755371
0.601533859	0.11218428611755371
0.601570355	0.11218428611755371
0.601573032	0.11218428611755371
0.601554289	0.11218428611755371
0.601556443	0.11218428611755371
0.601559761	0.11218428611755371
0.6016084230000001	0.11218428611755371
0.60161209	0.11218428611755371
0.601621345	0.11218428611755371
0.601626176	0.11218428611755371
0.601624663	0.11218428611755371
0.6016239059999999	0.11218428611755371
0.6016361880000001	0.11218428611755371
0.6016581320000001	0.11218428611755371
0.601632288	0.11218428611755371
0.601645617	0.11218428611755371
0.601640961	0.11218428611755371
0.6016216360000001	0.11218428611755371
0.6016340339999999	0.11218428611755371
0.601607433	0.11218428611755371
0.601611391	0.11218428611755371
0.601572916	0.11218428611755371
0.601569714	0.11218428611755371
0.601574779	0.11218428611755371
0.601574895	0.11218428611755371
0.601578155	0.11218428611755371
0.6015593539999999	0.11218428611755371
0.6015563850000001	0.11218428611755371
0.6015512630000001	0.11218428611755371
0.6015681429999999	0.11218428611755371
0.6015723340000001	0.11218428611755371
0.601547246	0.11218428611755371
0.6015566179999999	0.11218428611755371
0.6015426479999999	0.11218428611755371
0.601563253	0.11218428611755371
0.601558073	0.11218428611755371
0.6015580150000001	0.11218428611755371
0.6015562099999999	0.11218428611755371
0.601542473	0.11218428611755371
0.601562962	0.11218428611755371
0.601547246	0.11218428611755371
0.601571694	0.11218428611755371
0.6015523690000001	0.11218428611755371
0.601564941	0.11218428611755371
0.601564941	0.11218428611755371
0.6015708790000001	0.11218428611755371
0.601586129	0.11218428611755371
0.601581647	0.11218428611755371
0.6016215189999999	0.11218428611755371
0.601621403	0.11218428611755371
0.601646549	0.11218428611755371
0.601634965	0.11218428611755371
0.601612206	0.11218428611755371
0.601618725	0.11218428611755371
0.60157897	0.11218428611755371
0.601574255	0.11218428611755371
0.601537176	0.11218428611755371
0.6015454419999999	0.11218428611755371
0.6015600520000001	0.11218428611755371
0.601544161	0.11218428611755371
0.601554522	0.11218428611755371
0.601533626	0.11218428611755371
0.6015305989999999	0.11218428611755371
0.601513661	0.11218428611755371
0.601518317	0.11218428611755371
0.601484207	0.11218428611755371
0.601462787	0.11218428611755371
0.60145196	0.11218428611755371
0.6014452669999999	0.11218428611755371
0.6014629029999999	0.11218428611755371
0.601429609	0.11218428611755371
0.601458421	0.11218428611755371
0.601470296	0.11218428611755371
0.601472915	0.11218428611755371
0.601475767	0.11218428611755371
0.6014595859999999	0.11218428611755371
0.6014680259999999	0.11218428611755371
0.601474778	0.11218428611755371
0.601507083	0.11218428611755371
0.6015244869999999	0.11218428611755371
0.6015430549999999	0.11218428611755371
0.601593347	0.11218428611755371
0.601576525	0.11218428611755371
0.601566862	0.11218428611755371
0.601536827	0.11218428611755371
0.6015431720000001	0.11218428611755371
0.60155039	0.11218428611755371
0.6015346149999999	0.11218428611755371
0.601536129	0.11218428611755371
0.601509702	0.11218428611755371
0.601498061	0.11218428611755371
0.601476291	0.11218428611755371
0.601476931	0.11218428611755371
0.601466803	0.11218428611755371
0.6014199459999999	0.11218428611755371
0.601414533	0.11218428611755371
0.6013999809999999	0.11218428611755371
0.601412379	0.11218428611755371
0.601409585	0.11218428611755371
0.601428968	0.11218428611755371
0.601429318	0.11218428611755371
0.6014195969999999	0.11218428611755371
0.6014544629999999	0.11218428611755371
0.6014176760000001	0.11218428611755371
0.601431879	0.11218428611755371
0.601435371	0.11218428611755371
0.6014628449999999	0.11218428611755371
0.601447537	0.11218428611755371
0.601436011	0.11218428611755371
0.601471926	0.11218428611755371
0.6014838	0.11218428611755371
0.601522857	0.11218428611755371
0.6015231480000001	0.11218428611755371
0.601525127	0.11218428611755371
0.601535779	0.11218428611755371
0.601520878	0.11218428611755371
0.6015474789999999	0.11218428611755371
0.601568376	0.11218428611755371
0.601588283	0.11218428611755371
0.6015677939999999	0.11218428611755371
0.601581298	0.11218428611755371
0.601574604	0.11218428611755371
0.601559645	0.11218428611755371
0.601569656	0.11218428611755371
0.601535256	0.11218428611755371
0.601540378	0.11218428611755371
0.60153933	0.11218428611755371
0.601565873	0.11218428611755371
0.601559412	0.11218428611755371
0.6015442780000001	0.11218428611755371
0.6015648250000001	0.11218428611755371
0.601531647	0.11218428611755371
0.601535488	0.11218428611755371
0.601515232	0.11218428611755371
0.601505162	0.11218428611755371
0.6015134280000001	0.11218428611755371
0.601484207	0.11218428611755371
0.601504464	0.11218428611755371
0.601486419	0.11218428611755371
0.601506443	0.11218428611755371
0.601498701	0.11218428611755371
0.60153188	0.11218428611755371
0.601525477	0.11218428611755371
0.601516454	0.11218428611755371
0.6015238470000001	0.11218428611755371
0.601495209	0.11218428611755371
0.601514417	0.11218428611755371
0.6015103430000001	0.11218428611755371
0.6015235560000001	0.11218428611755371
0.601509702	0.11218428611755371
0.601494918	0.11218428611755371
0.6015089459999999	0.11218428611755371
0.601484848	0.11218428611755371
0.601509586	0.11218428611755371
0.6014913089999999	0.11218428611755371
0.601480948	0.11218428611755371
0.601484091	0.11218428611755371
0.601467502	0.11218428611755371
0.601482054	0.11218428611755371
0.601491949	0.11218428611755371
0.601500564	0.11218428611755371
0.601498061	0.11218428611755371
0.601495442	0.11218428611755371
0.601503591	0.11218428611755371
0.601481588	0.11218428611755371
0.601479609	0.11218428611755371
0.601461797	0.11218428611755371
0.601453474	0.11218428611755371
0.601426756	0.11218428611755371
0.601435138	0.11218428611755371
0.601424545	0.11218428611755371
0.601405336	0.11218428611755371
0.601403182	0.11218428611755371
0.601402891	0.11218428611755371
0.601433567	0.11218428611755371
0.601427688	0.11218428611755371
0.601445849	0.11218428611755371
0.601469656	0.11218428611755371
0.601457956	0.11218428611755371
0.601488631	0.11218428611755371
0.6015006220000001	0.11218428611755371
0.601516338	0.11218428611755371
0.6015126129999999	0.11218428611755371
0.601526466	0.11218428611755371
0.601522275	0.11218428611755371
0.601535838	0.11218428611755371
0.6015270479999999	0.11218428611755371
0.6015106920000001	0.11218428611755371
0.601520645	0.11218428611755371
0.6015081889999999	0.11218428611755371
0.6015315880000001	0.11218428611755371
0.601522974	0.11218428611755371
0.601499982	0.11218428611755371
0.601479376	0.11218428611755371
0.6014590040000001	0.11218428611755371
0.6014838	0.11218428611755371
0.601466105	0.11218428611755371
0.601483043	0.11218428611755371
0.60148153	0.11218428611755371
0.6014780959999999	0.11218428611755371
0.601485081	0.11218428611755371
0.6014673269999999	0.11218428611755371
0.6014609240000001	0.11218428611755371
0.601440552	0.11218428611755371
0.601422624	0.11218428611755371
0.601414125	0.11218428611755371
0.601369014	0.11218428611755371
Power (dBm)
27.792699817834695