Power (mW)	Time (sek)
0.605963287	0.1375274658203125
0.605986337	0.1375274658203125
0.605962472	0.1375274658203125
0.605970097	0.1375274658203125
0.60594565	0.1375274658203125
0.605934649	0.1375274658203125
0.605911715	0.1375274658203125
0.605922891	0.1375274658203125
0.6059226000000001	0.1375274658203125
0.605940761	0.1375274658203125
0.6059614830000001	0.1375274658203125
0.605975045	0.1375274658203125
0.60600962	0.1375274658203125
0.606010202	0.1375274658203125
0.6060340670000001	0.1375274658203125
0.6060407609999999	0.1375274658203125
0.606026675	0.1375274658203125
0.606041984	0.1375274658203125
0.6060493180000001	0.1375274658203125
0.6060648590000001	0.1375274658203125
0.606050948	0.1375274658203125
0.606060901	0.1375274658203125
0.606060843	0.1375274658203125
0.606048212	0.1375274658203125
0.606047048	0.1375274658203125
0.606035639	0.1375274658203125
0.6060469310000001	0.1375274658203125
0.6060384910000001	0.1375274658203125
0.606037967	0.1375274658203125
0.6060327289999999	0.1375274658203125
0.606016954	0.1375274658203125
0.606024929	0.1375274658203125
0.606043031	0.1375274658203125
0.606062997	0.1375274658203125
0.606029236	0.1375274658203125
0.606031448	0.1375274658203125
0.605962472	0.1375274658203125
0.605771958	0.1375274658203125
0.605919457	0.1375274658203125
0.60729502	0.1375274658203125
0.607454509	0.1375274658203125
0.607386115	0.1375274658203125
0.607315626	0.1375274658203125
0.607255904	0.1375274658203125
0.607279711	0.1375274658203125
0.60590147	0.1375274658203125
0.605663285	0.1375274658203125
0.605699432	0.1375274658203125
0.60573325	0.1375274658203125
0.605763984	0.1375274658203125
0.605761074	0.1375274658203125
0.6057358700000001	0.1375274658203125
0.6057446009999999	0.1375274658203125
0.605744019	0.1375274658203125
0.605760957	0.1375274658203125
0.605748501	0.1375274658203125
0.605743087	0.1375274658203125
0.605741167	0.1375274658203125
0.605736859	0.1375274658203125
0.605760317	0.1375274658203125
0.6057536809999999	0.1375274658203125
0.6057426220000001	0.1375274658203125
0.6057342400000001	0.1375274658203125
0.605721958	0.1375274658203125
0.6057229479999999	0.1375274658203125
0.6057013520000001	0.1375274658203125
0.60569559	0.1375274658203125
0.6056645070000001	0.1375274658203125
0.605677429	0.1375274658203125
0.605661306	0.1375274658203125
0.605654845	0.1375274658203125
0.6056539129999999	0.1375274658203125
0.605654845	0.1375274658203125
0.605622539	0.1375274658203125
0.60560042	0.1375274658203125
0.605604087	0.1375274658203125
0.605591398	0.1375274658203125
0.6055818519999999	0.1375274658203125
0.605601526	0.1375274658203125
0.60557737	0.1375274658203125
0.605576381	0.1375274658203125
0.605564332	0.1375274658203125
0.60555106	0.1375274658203125
0.605542096	0.1375274658203125
0.605534704	0.1375274658203125
0.605527253	0.1375274658203125
0.605509267	0.1375274658203125
0.605493085	0.1375274658203125
0.605453388	0.1375274658203125
0.605441455	0.1375274658203125
0.605441048	0.1375274658203125
0.6054290569999999	0.1375274658203125
0.605409034	0.1375274658203125
0.605367764	0.1375274658203125
0.605350535	0.1375274658203125
0.6053029790000001	0.1375274658203125
0.6053070540000001	0.1375274658203125
0.605294888	0.1375274658203125
0.605277426	0.1375274658203125
0.6052661340000001	0.1375274658203125
0.605228823	0.1375274658203125
0.605226029	0.1375274658203125
0.60520001	0.1375274658203125
0.605183421	0.1375274658203125
0.605153269	0.1375274658203125
0.605133479	0.1375274658203125
0.605111476	0.1375274658203125
0.605092384	0.1375274658203125
0.605097914	0.1375274658203125
0.6050695669999999	0.1375274658203125
0.60504867	0.1375274658203125
0.605042442	0.1375274658203125
0.605030858	0.1375274658203125
0.605056935	0.1375274658203125
0.605047739	0.1375274658203125
0.6050335939999999	0.1375274658203125
0.60499215	0.1375274658203125
0.604995701	0.1375274658203125
0.60499314	0.1375274658203125
0.604990986	0.1375274658203125
0.604978821	0.1375274658203125
0.6049182270000001	0.1375274658203125
0.604928413	0.1375274658203125
0.6049398220000001	0.1375274658203125
0.604957168	0.1375274658203125
0.6049326620000001	0.1375274658203125
0.6048945360000001	0.1375274658203125
0.604867877	0.1375274658203125
0.604847388	0.1375274658203125
0.604858738	0.1375274658203125
0.6048367939999999	0.1375274658203125
0.60481485	0.1375274658203125
0.6048044890000001	0.1375274658203125
0.604797679	0.1375274658203125
0.604815141	0.1375274658203125
0.6048075159999999	0.1375274658203125
0.604809902	0.1375274658203125
0.6048138599999999	0.1375274658203125
0.604822882	0.1375274658203125
0.604805769	0.1375274658203125
0.60480024	0.1375274658203125
0.604791567	0.1375274658203125
0.6047791100000001	0.1375274658203125
0.6047838249999999	0.1375274658203125
0.604762929	0.1375274658203125
0.604753965	0.1375274658203125
0.6047386560000001	0.1375274658203125
0.6047474450000001	0.1375274658203125
0.604767527	0.1375274658203125
0.60476322	0.1375274658203125
0.6047547790000001	0.1375274658203125
0.604737026	0.1375274658203125
0.604728353	0.1375274658203125
0.6047144999999999	0.1375274658203125
0.604710309	0.1375274658203125
0.604726665	0.1375274658203125
0.6046969209999999	0.1375274658203125
0.604694302	0.1375274658203125
0.604649482	0.1375274658203125
0.6046536730000001	0.1375274658203125
0.604654429	0.1375274658203125
0.604645757	0.1375274658203125
0.604650937	0.1375274658203125
0.604629517	0.1375274658203125
0.604603672	0.1375274658203125
0.604594999	0.1375274658203125
0.604608736	0.1375274658203125
0.604613218	0.1375274658203125
0.604618632	0.1375274658203125
0.6046276540000001	0.1375274658203125
0.604613684	0.1375274658203125
0.604648551	0.1375274658203125
0.604639237	0.1375274658203125
0.604666595	0.1375274658203125
0.60466188	0.1375274658203125
0.60465961	0.1375274658203125
0.6046641500000001	0.1375274658203125
0.604648201	0.1375274658203125
0.604661589	0.1375274658203125
0.604674453	0.1375274658203125
0.604689645	0.1375274658203125
0.604686735	0.1375274658203125
0.6046709020000001	0.1375274658203125
0.604656059	0.1375274658203125
0.604624744	0.1375274658203125
0.604627014	0.1375274658203125
0.6046187479999999	0.1375274658203125
0.604620611	0.1375274658203125
0.604598259	0.1375274658203125
0.604587549	0.1375274658203125
0.6045880730000001	0.1375274658203125
0.6045895280000001	0.1375274658203125
0.604622648	0.1375274658203125
0.604625733	0.1375274658203125
0.60463429	0.1375274658203125
0.604623754	0.1375274658203125
0.6046168860000001	0.1375274658203125
0.6046086199999999	0.1375274658203125
0.604572764	0.1375274658203125
0.6045781769999999	0.1375274658203125
0.60457486	0.1375274658203125
0.604593719	0.1375274658203125
0.604602625	0.1375274658203125
0.604616653	0.1375274658203125
0.604633009	0.1375274658203125
0.604606234	0.1375274658203125
0.604594999	0.1375274658203125
0.6045974439999999	0.1375274658203125
0.604613451	0.1375274658203125
0.604611007	0.1375274658203125
0.604620436	0.1375274658203125
0.604644301	0.1375274658203125
0.604649831	0.1375274658203125
0.604671775	0.1375274658203125
0.6046627529999999	0.1375274658203125
0.604682427	0.1375274658203125
0.604669971	0.1375274658203125
0.60463819	0.1375274658203125
0.604651752	0.1375274658203125
0.604640343	0.1375274658203125
0.604661531	0.1375274658203125
0.604660192	0.1375274658203125
0.604670204	0.1375274658203125
0.604663044	0.1375274658203125
0.604653149	0.1375274658203125
0.604658038	0.1375274658203125
0.604633184	0.1375274658203125
0.604611472	0.1375274658203125
0.604594301	0.1375274658203125
0.604585221	0.1375274658203125
0.604576955	0.1375274658203125
0.604574219	0.1375274658203125
0.6045926709999999	0.1375274658203125
0.604572298	0.1375274658203125
0.604571018	0.1375274658203125
0.604550063	0.1375274658203125
0.604560482	0.1375274658203125
0.604552042	0.1375274658203125
0.604568166	0.1375274658203125
0.604580389	0.1375274658203125
0.604564324	0.1375274658203125
0.60459174	0.1375274658203125
0.6046159539999999	0.1375274658203125
0.604630564	0.1375274658203125
0.604626664	0.1375274658203125
0.60463784	0.1375274658203125
0.604642264	0.1375274658203125
0.604637549	0.1375274658203125
0.604648259	0.1375274658203125
0.604647561	0.1375274658203125
0.604648027	0.1375274658203125
0.60463557	0.1375274658203125
0.604631728	0.1375274658203125
0.604624278	0.1375274658203125
0.6046203779999999	0.1375274658203125
0.604619272	0.1375274658203125
0.60460018	0.1375274658203125
0.60459791	0.1375274658203125
0.6045895280000001	0.1375274658203125
0.6045775950000001	0.1375274658203125
0.604593835	0.1375274658203125
0.604571367	0.1375274658203125
0.604570785	0.1375274658203125
0.604558154	0.1375274658203125
0.604562403	0.1375274658203125
0.604558154	0.1375274658203125
0.604558969	0.1375274658203125
0.6045543120000001	0.1375274658203125
0.604550063	0.1375274658203125
0.604581146	0.1375274658203125
0.604579516	0.1375274658203125
0.604594243	0.1375274658203125
0.6046011109999999	0.1375274658203125
0.6045924970000001	0.1375274658203125
0.60460635	0.1375274658203125
0.6045955820000001	0.1375274658203125
0.6045972110000001	0.1375274658203125
0.604606234	0.1375274658203125
0.6046192140000001	0.1375274658203125
0.604618923	0.1375274658203125
0.6046236380000001	0.1375274658203125
0.604639237	0.1375274658203125
0.6046376069999999	0.1375274658203125
0.604663393	0.1375274658203125
0.6046641500000001	0.1375274658203125
0.6046641500000001	0.1375274658203125
0.604668399	0.1375274658203125
0.604666711	0.1375274658203125
0.604679983	0.1375274658203125
0.604681496	0.1375274658203125
0.604684465	0.1375274658203125
0.604667934	0.1375274658203125
0.604675792	0.1375274658203125
0.604659203	0.1375274658203125
0.60463784	0.1375274658203125
0.6046555939999999	0.1375274658203125
0.604631728	0.1375274658203125
0.604619912	0.1375274658203125
0.60458621	0.1375274658203125
0.60460309	0.1375274658203125
Power (dBm)
27.81819432192631