Power (mW)	Time (sek)
0.436649	0.0837
0.436643	0.1145
0.436625	0.1454
0.436640	0.1980
0.436640	0.2480
0.436646	0.2983
0.436622	0.3500
0.436626	0.3989
0.436624	0.4299
0.436650	0.4598
0.436635	0.4982
0.436631	0.5480
0.436635	0.5981
0.436624	0.6480
0.436648	0.6987
0.436630	0.7295
0.436639	0.7606
0.436628	0.8000
0.436629	0.8481
0.436642	0.8981
0.436628	0.9478
0.436631	0.9987
0.436615	1.0295
0.436635	1.0600
0.436634	1.0983
0.436628	1.1500
0.436649	1.1980
0.436630	1.2480
0.436635	1.2990
0.436613	1.3296
0.436622	1.3603
0.436619	1.3981
0.436614	1.4480
0.436624	1.4982
0.436610	1.5499
0.436618	1.6002
0.436597	1.6303
0.436595	1.6611
0.436594	1.6982
0.436592	1.7480
0.436593	1.7999
0.436595	1.8479
0.436595	1.8990
0.436575	1.9294
0.436574	1.9600
0.436576	1.9979
0.436578	2.0479
0.436578	2.0982
0.436581	2.1478
0.436566	2.1990
0.436594	2.2297
0.436556	2.2607
0.436589	2.2982
0.436562	2.3494
0.436596	2.3981
0.436550	2.4481
0.436586	2.4990
0.436592	2.5294
0.436574	2.5608
0.436592	2.5979
0.436564	2.6480
0.436573	2.6981
0.436586	2.7502
0.436578	2.8004
0.436621	2.8308
0.436711	2.8627
0.436838	2.8997
0.436842	2.9480
0.436943	2.9982
0.437116	3.0479
0.437245	3.0989
0.437319	3.1298
0.437318	3.1599
0.437227	3.1979
0.437239	3.2478
0.437236	3.2981
0.436908	3.3479
0.436541	3.3985
0.436206	3.4293
0.436102	3.4602
0.436071	3.4978
0.435993	3.5500
0.436242	3.5977
0.436437	3.6476
0.436579	3.6987
0.436868	3.7294
0.437095	3.7598
0.437328	3.7995
0.437695	3.8480
0.438069	3.8979
0.437995	3.9496
0.437619	3.9983
0.437322	4.0292
0.437085	4.0603
0.436890	4.0980
0.436729	4.1480
0.436709	4.1975
0.436704	4.2474
0.436719	4.2988
0.436683	4.3294
0.436669	4.3603
0.436656	4.3980
0.436664	4.4478
0.436680	4.4980
0.436671	4.5480
0.436693	4.5999
0.436707	4.6301
0.436700	4.6613
0.436706	4.6979
0.436773	4.7492
0.436878	4.7993
0.436952	4.8476
0.436964	4.8991
0.437068	4.9295
0.437115	4.9600
0.437093	4.9978
0.437109	5.0478
0.436873	5.0984
0.436658	5.1500
0.436568	5.1986
0.436656	5.2293
0.436786	5.2608
0.436875	5.2981
0.436835	5.3477
0.436678	5.3978
0.436617	5.4476
0.436634	5.4985
0.436682	5.5291
0.436703	5.5601
0.436692	5.5977
0.436678	5.6476
0.436671	5.6976
0.436632	5.7475
0.436623	5.8005
0.436628	5.8306
0.436669	5.8613
0.436708	5.8982
0.436706	5.9501
0.436650	5.9977
0.436628	6.0478
0.436650	6.0984
0.436663	6.1292
0.436664	6.1598
0.436638	6.1977
0.436620	6.2476
0.436631	6.2980
0.436654	6.3492
0.436653	6.3987
0.436632	6.4296
0.436631	6.4605
0.436647	6.4984
0.436667	6.5480
0.436663	6.5981
0.436649	6.6477
0.436627	6.6987
0.436657	6.7294
0.436643	6.7604
0.436645	6.7996
0.436647	6.8483
0.436659	6.8977
0.436642	6.9476
0.436633	6.9989
0.436645	7.0295
0.436639	7.0602
0.436642	7.0983
0.436640	7.1495
0.436646	7.1980
0.436642	7.2478
0.436637	7.2985
0.436646	7.3290
0.436646	7.3595
0.436649	7.3979
0.436629	7.4478
0.436637	7.4981
0.436633	7.5501
0.436645	7.6000
0.436644	7.6309
0.436644	7.6614
0.436647	7.6990
0.436638	7.7480
0.436641	7.7995
0.436655	7.8476
0.436647	7.8989
0.436635	7.9297
0.436638	7.9609
0.436642	7.9979
0.436643	8.0479
0.436660	8.0978
0.436659	8.1480
0.436649	8.1983
0.436652	8.2293
0.436653	8.2604
0.436657	8.2977
0.436663	8.3497
0.436659	8.3977
0.436661	8.4473
0.436649	8.4983
0.436651	8.5289
0.436648	8.5603
0.436644	8.5978
0.436647	8.6475
0.436650	8.6980
0.436645	8.7492
0.436642	8.8005
0.436653	8.8316
0.436645	8.8619
0.436651	8.8995
0.436661	8.9479
0.436651	8.9976
0.436659	9.0476
0.436644	9.0987
0.436646	9.1286
0.436647	9.1593
0.436641	9.1978
0.436637	9.2478
0.436633	9.2978
0.436636	9.3473
0.436645	9.3985
0.436641	9.4283
0.436633	9.4587
0.436629	9.4981
0.436632	9.5493
0.436629	9.5977
0.436640	9.6477
0.436634	9.6988
0.436625	9.7296
0.436624	9.7605
0.436640	9.8001
0.436638	9.8480
0.436632	9.8993
0.436649	9.9501
0.436637	9.9987
0.436641	10.0290
0.436637	10.0601
0.436645	10.0980
0.436642	10.1480
0.436644	10.1980
0.436643	10.2481
0.436645	10.2986
0.436636	10.3291
0.436633	10.3603
0.436639	10.3981
0.436648	10.4476
0.436641	10.4981
0.436640	10.5477
0.436632	10.6002
0.436643	10.6303
0.436626	10.6609
0.436638	10.6987
0.436638	10.7502
0.436634	10.7996
0.436639	10.8479
0.436626	10.8987
0.436633	10.9294
0.436626	10.9603
0.436641	10.9989
0.436634	11.0477
0.436626	11.0980
0.436630	11.1498
0.436622	11.1984
0.436633	11.2290
0.436617	11.2594
0.436629	11.2982
0.436635	11.3481
0.436629	11.3976
0.436641	11.4476
0.436644	11.4987
0.436643	11.5293
0.436628	11.5592
0.436632	11.5979
0.436628	11.6477
0.436626	11.6981
0.436633	11.7476
0.436625	11.8002
0.436622	11.8303
0.436618	11.8605
0.436631	11.8984
0.436632	11.9492
0.436617	11.9979
0.436628	12.0475
0.436636	12.0990
0.436642	12.1295
0.436625	12.1601
0.436642	12.1984
0.436642	12.2475
0.436661	12.2976
0.436665	12.3496
0.436669	12.3982
0.436673	12.4287
0.436659	12.4584
0.436659	12.4977
0.436652	12.5475
0.436643	12.5975
0.436668	12.6474
0.436638	12.6981
0.436668	12.7284
0.436654	12.7584
0.436666	12.7991
0.436667	12.8473
0.436653	12.8973

Mean Power (dBm):	-3.5983
Mean Power (mW):	0.436683
