Power (mW)	Time (sek)
1.178156	0.0817
1.178227	0.1134
1.178220	0.1432
1.178063	0.1986
1.178073	0.2487
1.178339	0.2959
1.178298	0.3457
1.178265	0.3965
1.178060	0.4300
1.178079	0.4594
1.178105	0.4957
1.178166	0.5444
1.178163	0.5993
1.178063	0.6488
1.177980	0.6925
1.178111	0.7272
1.178326	0.7591
1.178314	0.8010
1.178220	0.8467
1.178159	0.8984
1.178037	0.9484
1.178137	0.9975
1.178085	1.0240
1.178163	1.0619
1.178143	1.0947
1.178169	1.1439
1.178095	1.2007
1.178153	1.2487
1.178185	1.2964
1.178268	1.3245
1.178214	1.3598
1.178249	1.4010
1.178188	1.4469
1.178131	1.4952
1.178336	1.5454
1.178291	1.5995
1.178233	1.6286
1.178323	1.6591
1.178130	1.6990
1.178137	1.7472
1.178253	1.7955
1.178275	1.8470
1.178281	1.8978
1.178265	1.9303
1.178381	1.9612
1.178442	1.9988
1.178429	2.0442
1.178378	2.0967
1.178336	2.1458
1.178352	2.1986
1.178288	2.2278
1.178442	2.2611
1.178349	2.3007
1.178599	2.3470
1.178664	2.3979
1.178423	2.4443
1.178272	2.4968
1.178365	2.5275
1.178391	2.5554
1.178375	2.6173
1.178236	2.6671
1.178314	2.7146
1.178410	2.7657
1.178326	2.8173
1.178355	2.8423
1.178358	2.8947
1.178115	2.9449
1.177527	2.9965
1.177315	3.0483
1.176711	3.0929
1.176705	3.1264
1.176878	3.1602
1.176858	3.1970
1.177260	3.2471
1.177591	3.2959
1.178131	3.3482
1.178317	3.3990
1.178166	3.4286
1.178208	3.4591
1.178307	3.5150
1.178355	3.5651
1.178343	3.6163
1.178252	3.6591
1.178397	3.7159
1.178390	3.7481
1.178410	3.8012
1.178423	3.8458
1.178227	3.8964
1.178198	3.9487
1.178333	4.0003
1.178410	4.0265
1.178359	4.0576
1.178426	4.0946
1.178413	4.1467
1.178307	4.1997
1.178330	4.2480
1.178483	4.2941
1.178381	4.3257
1.178510	4.3586
1.178567	4.3933
1.178577	4.4486
1.178339	4.4970
1.178375	4.5479
1.178356	4.5984
1.178317	4.6315
1.178214	4.6613
1.178429	4.6969
1.178346	4.7435
1.178391	4.7974
1.178371	4.8437
1.178275	4.8978
1.178195	4.9303
1.178175	4.9618
1.178179	4.9981
1.178343	5.0402
1.178333	5.0949
1.178252	5.1443
1.178288	5.2004
1.178220	5.2299
1.178291	5.2615
1.178291	5.2993
1.178298	5.3470
1.178420	5.4002
1.178217	5.4450
1.178233	5.4967
1.178220	5.5291
1.178362	5.5588
1.178311	5.6002
1.178246	5.6485
1.178172	5.6972
1.178272	5.7477
1.178326	5.7977
1.178310	5.8306
1.178220	5.8606
1.178256	5.9012
1.178188	5.9465
1.178256	6.0002
1.178307	6.0482
1.178220	6.0981
1.178259	6.1242
1.178233	6.1588
1.178153	6.1999
1.178282	6.2471
1.178262	6.2989
1.178297	6.3441
1.178163	6.4005
1.178185	6.4276
1.178224	6.4628
1.178207	6.4989
1.178185	6.5458
1.178204	6.5995
1.178176	6.6486
1.178143	6.6949
1.178256	6.7280
1.178201	6.7601
1.178281	6.7998
1.178204	6.8489
1.178147	6.8955
1.178137	6.9471
1.178192	7.0002
1.178182	7.0300
1.178134	7.0619
1.178227	7.1006
1.178060	7.1481
1.178150	7.1986
1.178121	7.2491
1.178336	7.2954
1.178288	7.3298
1.178160	7.3601
1.178194	7.4014
1.178288	7.4474
1.178243	7.4974
1.178204	7.5471
1.178182	7.5964
1.178163	7.6314
1.178169	7.6613
1.178195	7.6998
1.178314	7.7467
1.178195	7.7946
1.178143	7.8468
1.178089	7.8984
1.178221	7.9276
1.178236	7.9611
1.178342	8.0019
1.178259	8.0473
1.178230	8.0957
1.178169	8.1428
1.178230	8.2002
1.178259	8.2292
1.178166	8.2574
1.178201	8.2952
1.178233	8.3445
1.178166	8.3980
1.178217	8.4425
1.178285	8.4942
1.178272	8.5269
1.178214	8.5587
1.178111	8.5998
1.178137	8.6483
1.178037	8.6954
1.178172	8.7473
1.178243	8.8001
1.178124	8.8301
1.178146	8.8592
1.178156	8.8990
1.178294	8.9479
1.178404	9.0002
1.178268	9.0467
1.178198	9.0956
1.178156	9.1280
1.178073	9.1572
1.178172	9.1967
1.178230	9.2461
1.178166	9.2923
1.178233	9.3437
1.178175	9.3926
1.178224	9.4234
1.178115	9.4618
1.178239	9.4964
1.178256	9.5471
1.178172	9.5983
1.178243	9.6468
1.178134	9.6982
1.178159	9.7279
1.178224	9.7582
1.178121	9.7976
1.178243	9.8478
1.178069	9.8974
1.178143	9.9448
1.178179	10.0002
1.178243	10.0313
1.178153	10.0613
1.178237	10.0967
1.178102	10.1452
1.178192	10.1974
1.178204	10.2474
1.178179	10.2949
1.178349	10.3280
1.178192	10.3583
1.178053	10.3998
1.178214	10.4485
1.178031	10.4951
1.178131	10.5470
1.178008	10.5955
1.178012	10.6242
1.178009	10.6622
1.178134	10.6981
1.177986	10.7385
1.178053	10.8005
1.177960	10.8481
1.177938	10.8925
1.178037	10.9314
1.177947	10.9609
1.178060	10.9979
1.178015	11.0493
1.178098	11.0956
1.177999	11.1469
1.178015	11.1992
1.178060	11.2262
1.178108	11.2596
1.178134	11.2991
1.178063	11.3475
1.178069	11.3989
1.178076	11.4482
1.178105	11.4974
1.178214	11.5298
1.178214	11.5588
1.178179	11.5970
1.178079	11.6482
1.178130	11.6974
1.178069	11.7468
1.178166	11.8006
1.178086	11.8424
1.178131	11.8958
1.178028	11.9450
1.178118	12.0002
1.178130	12.0468
1.178150	12.0974
1.178002	12.1297
1.178114	12.1880
1.178025	12.2507
1.178073	12.2953
1.178105	12.3448
1.178114	12.3948
1.178137	12.4307
1.178182	12.4616
1.178108	12.5001
1.178211	12.5452
1.178208	12.5964
1.178195	12.6475
1.178111	12.6974
1.178230	12.7288
1.178192	12.7561
1.178140	12.8009
1.178131	12.8472
1.178127	12.8951
1.178053	12.9447
1.178095	13.0006
1.178089	13.0246
1.178111	13.0623

Mean Power (dBm):	0.7121
Mean Power (mW):	1.178185
