Power (mW)	Time (sek)
0.51005627	0.07706952095031738
0.510090729	0.11243605613708496
0.5100526609999999	0.1458299160003662
0.510061509	0.19580936431884766
0.510004174	0.2467031478881836
0.509959413	0.29627442359924316
0.509994803	0.3446533679962158
0.510018901	0.397794246673584
0.510003185	0.42905521392822266
0.5099428239999999	0.46001625061035156
0.509879203	0.5125470161437988
0.509861857	0.5606160163879395
0.509916106	0.612678050994873
0.509921985	0.6630418300628662
0.509929378	0.7151780128479004
0.5099212870000001	0.7434642314910889
0.509890669	0.7935147285461426
0.509894104	0.8439741134643555
0.5098931139999999	0.8965210914611816
0.5098912520000001	0.9439001083374023
0.5098675610000001	0.993962287902832
0.509871345	1.0293731689453125
0.5098739059999999	1.0604801177978516
0.509901147	1.1202175617218018
0.509907492	1.1603665351867676
0.509929261	1.2101619243621826
0.509890262	1.2602410316467285
0.5098870609999999	1.31050443649292
0.509881531	1.3479657173156738
0.5098716360000001	1.3987488746643066
0.50988124	1.4437365531921387
0.509895326	1.4938054084777832
0.509908597	1.5438942909240723
0.509888399	1.599802017211914
0.509895035	1.6270904541015625
0.509879028	1.660099744796753
0.509886071	1.710615873336792
0.5098201219999999	1.7607266902923584
0.509766862	1.8099792003631592
0.5097047539999999	1.8602380752563477
0.509695266	1.9203822612762451
0.5097153480000001	1.9436092376708984
0.5097265240000001	1.9931561946868896
0.509739795	2.0490670204162598
0.5097268149999999	2.0985898971557617
0.5097353130000001	2.143764019012451
0.5097850230000001	2.199115753173828
0.509832462	2.2270476818084717
0.5098266410000001	2.2599966526031494
0.50982408	2.297893762588501
0.509756675	2.3435397148132324
0.509653299	2.3956923484802246
0.509594567	2.4433975219726562
0.5095977690000001	2.493476390838623
0.5096074890000001	2.526560068130493
0.5095796659999999	2.560396194458008
0.5095577800000001	2.6156420707702637
0.509495148	2.6597633361816406
0.5095464289999999	2.714059352874756
0.50959806	2.759765386581421
0.509682344	2.8103106021881104
0.5096358950000001	2.84333872795105
0.509631645	2.893404245376587
0.5094730879999999	2.9456820487976074
0.509383448	2.993354558944702
0.5094818769999999	3.046865463256836
0.5096190730000001	3.0936620235443115
0.50956104	3.1270017623901367
0.509495148	3.159991979598999
0.509469886	3.193235158920288
0.509442179	3.2482516765594482
0.509463483	3.2937257289886475
0.509475067	3.3476943969726562
0.509445788	3.3941259384155273
0.5091119669999999	3.426924228668213
0.509159174	3.461369752883911
0.509343168	3.493129253387451
0.509437639	3.543621063232422
0.509405043	3.593092679977417
0.5095095839999999	3.6489336490631104
0.509510981	3.6928553581237793
0.5095141240000001	3.726766347885132
0.509539386	3.760061740875244
0.5096209349999999	3.8099968433380127
0.509632402	3.859959840774536
0.509674952	3.910188674926758
0.509639387	3.960108757019043
0.509642996	4.009725093841553
0.5095709350000001	4.044677257537842
0.5095633100000001	4.100225448608398
0.5096995740000001	4.143110990524292
0.509891892	4.19337010383606
0.5099015539999999	4.24318528175354
0.509883801	4.29325532913208
0.509849866	4.332041501998901
0.5098147080000001	4.360323190689087
0.509816979	4.409557819366455
0.50970458	4.459836006164551
0.509661331	4.510109186172485
0.509760808	4.559747695922852
0.509840203	4.610190391540527
0.5097653480000001	4.643005847930908
0.5097637190000001	4.693208694458008
0.509694917	4.7429444789886475
0.509669248	4.7985029220581055
0.509632402	4.848346710205078
0.5096246600000001	4.89306378364563
0.509462552	4.926853179931641
0.509378267	4.959940433502197
0.509609177	5.009478569030762
0.5096094680000001	5.059278726577759
0.5096443350000001	5.109929800033569
0.5096230310000001	5.159540176391602
0.509638223	5.21010160446167
0.5096165109999999	5.246251821517944
0.509638223	5.293013572692871
0.5096141829999999	5.343263864517212
0.50961721	5.39314866065979
0.509593519	5.443427324295044
0.5095990490000001	5.5014708042144775
0.50955842	5.5267322063446045
0.5095216330000001	5.559978008270264
0.509521342	5.61008358001709
0.509449281	5.660126686096191
0.5094843800000001	5.709651470184326
0.509467907	5.759481191635132
0.5095080710000001	5.809422969818115
0.50948764	5.843315839767456
0.5095009110000001	5.898164987564087
0.509496138	5.948584318161011
0.509503239	5.998281717300415
0.50949055	6.04313850402832
0.509526406	6.0931172370910645
0.509533565	6.1260950565338135
0.509533158	6.15932297706604
0.509540667	6.192824125289917
0.509540958	6.2434241771698
0.5095383969999999	6.293161392211914
0.509528676	6.342847585678101
0.509512261	6.394643545150757
0.5094996300000001	6.429341793060303
0.5094996300000001	6.459358215332031
0.5095212250000001	6.509569883346558
0.509500329	6.559406995773315
0.509532576	6.60954475402832
0.509508711	6.65958046913147
0.509504811	6.719797611236572
0.509498932	6.747908353805542
0.509502832	6.79287052154541
0.509509293	6.843955755233765
0.5095447999999999	6.892889499664307
0.509520003	6.943058252334595
0.509530015	6.993030548095703
0.509471865	7.026434898376465
0.509429898	7.061661005020142
0.509419187	7.101245164871216
0.509383448	7.143080234527588
0.509338977	7.192597389221191
0.509281468	7.243094444274902
0.509290549	7.295615911483765
0.5092417699999999	7.326174020767212
0.509246544	7.359585762023926
0.5092417699999999	7.409400224685669
0.509198173	7.459739446640015
0.5092350179999999	7.5094592571258545
0.509208185	7.559314489364624
0.509206264	7.609078645706177
0.509160629	7.64311408996582
0.509195263	7.693089008331299
0.509142934	7.748530387878418
0.509219128	7.792919635772705
0.5092718639999999	7.8431236743927
0.509342761	7.89309549331665
0.509319827	7.9314258098602295
0.509278208	7.959254026412964
0.5092804790000001	7.992536783218384
0.509286532	8.042330026626587
0.5093676149999999	8.092454671859741
0.509397651	8.148272514343262
0.509365113	8.19970965385437
0.509311445	8.22585940361023
0.509257836	8.25923490524292
0.509334379	8.319366693496704
0.5094363590000001	8.359575510025024
0.509461155	8.409059047698975
0.50939247	8.45907974243164
0.509342179	8.508834600448608
0.509337347	8.542781829833984
0.509417034	8.592710018157959
0.509431236	8.648925065994263
0.5095532399999999	8.69275951385498
0.509455102	8.742719173431396
0.509439968	8.792348623275757
0.5094186049999999	8.826104879379272
0.50949218	8.861563920974731
0.509604288	8.89325761795044
0.509680365	8.942738056182861
0.509672915	8.992483615875244
0.5095332159999999	9.042789697647095
0.509412203	9.093812704086304
0.509398	9.125921964645386
0.5094009679999999	9.159352540969849
0.509460515	9.209028720855713
0.509395672	9.259851217269897
0.509344391	9.308832168579102
0.509298581	9.3603036403656
0.509372447	9.409072160720825
0.509426696	9.442548513412476
0.5095097000000001	9.492915630340576
0.509507779	9.549798488616943
0.5094818769999999	9.592836141586304
0.509397592	9.641988515853882
0.5094518419999999	9.692352533340454
0.5095084200000001	9.728286266326904
0.50961721	9.758926153182983
0.5096419480000001	9.792598009109497
0.509618723	9.84211015701294
0.509546138	9.893015384674072
0.5094417139999999	9.94246768951416
0.509454752	9.993789196014404
0.50948764	10.028390169143677
0.509518664	10.058795690536499
0.509536825	10.10935926437378
0.5094389779999999	10.159027814865112
0.509416044	10.214924573898315
0.5094290250000001	10.259113311767578
0.5095255329999999	10.319433689117432
0.509528734	10.346625089645386
0.5095536469999999	10.398897647857666
0.509514764	10.4458327293396
0.509518664	10.498111248016357
0.509483507	10.542131423950195
0.50955842	10.599562883377075
0.5095629020000001	10.626118421554565
0.5096029489999999	10.6611168384552
0.509595149	10.701160192489624
0.509601727	10.742531299591064
0.509660691	10.798275470733643
0.5096779199999999	10.842398405075073
0.5097586550000001	10.896154403686523
0.509729551	10.925824403762817
0.509733683	10.95925235748291
0.509705918	11.00935959815979
0.509676931	11.059448003768921
0.509732461	11.10844898223877
0.509705569	11.158889293670654
0.509723439	11.209043979644775
0.5096831009999999	11.242351770401001
0.509708247	11.298122644424438
0.509685313	11.348451137542725
0.5097424730000001	11.398125648498535
0.509724603	11.44252347946167
0.509739271	11.50085163116455
0.5096943930000001	11.531240224838257
0.5097143	11.559064626693726
0.509700854	11.598990678787231
0.5097010869999999	11.642261028289795
0.509749167	11.698124885559082
0.5097226819999999	11.748105764389038
0.5097463729999999	11.799366235733032
0.509723322	11.825406789779663
0.509751379	11.86204743385315
0.509746955	11.900758981704712
0.509756326	11.942355155944824
0.5097872339999999	11.99812364578247
0.509746606	12.048215389251709
0.509756326	12.099677085876465
0.5097159299999999	12.125571012496948
0.509749923	12.159045696258545
0.509763137	12.209166288375854
0.5097588289999999	12.258740901947021
0.5097720419999999	12.319166660308838
0.5097676179999999	12.358999729156494
0.509799575	12.40912652015686
0.50979323	12.442545413970947
0.509847072	12.494749069213867
0.509853766	12.541639566421509
0.509909703	12.598875522613525
0.5099002739999999	12.641952753067017
0.5099482949999999	12.701165199279785
0.509933801	12.728932857513428
0.509946491	12.759885311126709
0.5099470150000001	12.814199447631836
0.50992152	12.859008073806763
0.509948353	12.913428544998169
0.5099371189999999	12.959313154220581
0.509945909	13.009063482284546
0.509938283	13.04214596748352
0.509953534	13.10213828086853
0.509959413	13.141889095306396
0.510024722	13.198412656784058
0.5100273989999999	13.247549533843994
0.510069192	13.299127101898193
0.510058075	13.325721740722656
0.510104466	13.358790397644043
0.510143349	13.40900182723999
0.510131416	13.458555221557617
0.510104233	13.508969068527222
0.510036771	13.55858564376831
0.5100455020000001	13.608960628509521
Power (dBm)
27.07258534501066