Power (mW)	Time (sek)
0.49945688800000004	0.10490059852600098
0.499446585	0.1406254768371582
0.49940293	0.18441295623779297
0.49939902999999997	0.2147996425628662
0.499391055	0.24080944061279297
0.49937877300000005	0.275188684463501
0.499362999	0.32357358932495117
0.499363989	0.38283824920654297
0.499297457	0.4327507019042969
0.49926486100000006	0.48208189010620117
0.499202171	0.5128169059753418
0.49920834099999994	0.5439119338989258
0.49917184499999995	0.5833711624145508
0.49916474400000005	0.6329841613769531
0.499187387	0.673551082611084
0.499115151	0.7479729652404785
0.49911538400000005	0.798198938369751
0.49907370700000003	0.8315644264221191
0.49909728099999995	0.8817157745361328
0.499061774	0.9261074066162109
0.499057525	0.9818534851074219
0.49899792100000007	1.0335865020751953
0.498976849	1.0816433429718018
0.498904206	1.1067421436309814
0.498912879	1.1442897319793701
0.49890525399999996	1.1843745708465576
0.498886162	1.2325873374938965
0.49890024800000005	1.2822926044464111
0.498842564	1.3348209857940674
0.498857757	1.3832485675811768
0.498846173	1.4131290912628174
0.49889582400000004	1.4433493614196777
0.498879061	1.4809846878051758
0.49886718599999996	1.531578779220581
0.498865498	1.5832743644714355
0.49880030599999997	1.6316065788269043
0.498817768	1.6814682483673096
0.498822599	1.7145378589630127
0.49889704700000004	1.7433466911315918
0.49891707	1.78157639503479
0.49891299600000005	1.8321826457977295
0.49893063300000007	1.881068229675293
0.498903973	1.9317147731781006
0.49900083100000003	1.981208086013794
0.49904407900000003	2.0050668716430664
0.49911212399999993	2.037593364715576
0.499085058	2.0812430381774902
0.49909058700000003	2.13128399848938
0.49914704900000006	2.1765389442443848
0.49918086700000003	2.2315924167633057
0.49920647900000004	2.2829067707061768
0.499128539	2.304568290710449
0.49913418499999995	2.3381969928741455
0.49908918999999996	2.3767077922821045
0.5013400809999999	2.4315733909606934
0.498476205	2.4815995693206787
0.49504439799999994	2.535989999771118
0.494214939	2.5810675621032715
0.497354136	2.604423761367798
0.497467234	2.6380443572998047
0.4983861	2.6814708709716797
0.498260313	2.731476306915283
0.49431010799999997	2.782578468322754
0.49269507900000004	2.8312313556671143
0.493957312	2.8813302516937256
0.49800064899999996	2.904923915863037
0.49780769	2.9376559257507324
0.49864087500000004	2.981248378753662
0.497602683	3.0296669006347656
0.49428880399999997	3.0810763835906982
0.492733554	3.1251933574676514
0.49396522800000003	3.1813740730285645
0.496017397	3.2150702476501465
0.49690064000000006	3.2377727031707764
0.49832603	3.2836010456085205
0.497401808	3.331451177597046
0.49622409300000003	3.3812878131866455
0.49421429899999997	3.4314022064208984
0.49531302600000005	3.483210563659668
0.49801036899999995	3.504411458969116
0.49962243100000003	3.5423266887664795
0.500816503	3.5811960697174072
0.499555317	3.63141131401062
0.49707532200000004	3.681291341781616
0.495773333	3.7272982597351074
0.496726949	3.7807910442352295
0.49894687299999996	3.804838180541992
0.499554735	3.838151693344116
0.49942382599999996	3.8809032440185547
0.49821706499999996	3.931302785873413
0.49613229900000005	3.9827585220336914
0.495911576	4.030472993850708
0.497491972	4.0732855796813965
0.49897265899999993	4.10371732711792
0.49946916999999996	4.137315988540649
0.49885129600000006	4.180978298187256
0.49763493000000003	4.231266260147095
0.49697828899999996	4.281246662139893
0.497346045	4.330986022949219
0.49876800000000004	4.381047487258911
0.499218062	4.412449836730957
0.498843845	4.437899827957153
0.498206937	4.481287956237793
0.49728289	4.531060695648193
0.497070141	4.580864667892456
0.49803074199999997	4.6305694580078125
0.49886130700000003	4.680880784988403
0.4988087460000001	4.7049126625061035
0.49838842800000005	4.737615585327148
0.497896282	4.781358957290649
0.49761362600000003	4.826726198196411
0.497941917	4.882898807525635
0.498714449	4.926344394683838
0.49902079600000004	4.9813854694366455
0.498522713	5.004511117935181
0.498320325	5.04297137260437
0.49801071899999994	5.0806097984313965
0.498090696	5.132751941680908
0.498786045	5.18076753616333
0.49920991299999995	5.231183290481567
0.49914023800000007	5.281230926513672
0.49856939599999994	5.3045806884765625
0.498442212	5.3408732414245605
0.498382549	5.381840467453003
0.498737267	5.431262493133545
0.499393558	5.481177806854248
0.499744492	5.531217336654663
0.49948011300000006	5.580773591995239
0.4989626469999999	5.604059934616089
0.498803856	5.637845754623413
0.49870059600000005	5.67637300491333
0.498898793	5.7310707569122314
0.49915805	5.7757322788238525
0.49913738599999996	5.833556175231934
0.49899559200000004	5.8811774253845215
0.498904265	5.903806686401367
0.49895461399999996	5.937556266784668
0.49897359	5.9811789989471436
0.499086629	6.030771970748901
0.499176094	6.075571298599243
0.49899047	6.130616664886475
0.49882830399999994	6.180805444717407
0.498842914	6.209404230117798
0.49902620999999997	6.237164258956909
0.49910869	6.281130313873291
0.499096292	6.333125114440918
0.49889850199999997	6.381129741668701
0.49861526300000003	6.42642879486084
0.49846328300000003	6.481141090393066
0.498034235	6.509653806686401
0.4973865	6.5370752811431885
0.49662427	6.581194639205933
0.49590697699999997	6.626398324966431
0.495496497	6.68104887008667
0.49596826999999993	6.730973482131958
0.497353205	6.780822515487671
0.4972392339999999	6.8041672706604
0.49678562200000004	6.841836452484131
0.49676466699999994	6.881078720092773
0.496649998	6.931116104125977
0.49670168699999995	6.981907606124878
0.49602444100000004	7.031301259994507
0.495345681	7.080683708190918
0.495951273	7.1040730476379395
0.496177701	7.136638164520264
0.496543129	7.1805500984191895
0.496820896	7.230913877487183
0.496360881	7.276585102081299
0.496417284	7.331101894378662
0.49674272300000005	7.38213849067688
0.497470784	7.403636693954468
0.49784005400000003	7.4375810623168945
0.497784116	7.4764182567596436
0.49766694400000006	7.531071424484253
0.49744383400000003	7.581015586853027
0.497121888	7.63367486000061
0.497549714	7.680862903594971
0.49791415199999994	7.714157342910767
0.498177309	7.737375974655151
0.49818825199999994	7.781131029129028
0.49788394199999997	7.8309478759765625
0.49746938700000004	7.880743741989136
0.49718626499999996	7.930182695388794
0.49726723199999995	7.981001853942871
0.497464265	8.009047031402588
0.49739121500000005	8.037272214889526
0.4971791059999999	8.080634832382202
0.496963505	8.13037633895874
0.49694022199999993	8.18048882484436
0.49713981599999996	8.225632905960083
0.497291563	8.280829906463623
0.497205358	8.303698539733887
0.4972119930000001	8.33667278289795
0.497181783	8.381574153900146
0.497206638	8.430829524993896
0.497243309	8.480626821517944
0.497185043	8.530901432037354
0.49722264499999996	8.582210540771484
0.49712858199999993	8.60397481918335
0.49710815099999994	8.641913652420044
0.49703713699999996	8.680643796920776
0.496942317	8.730949878692627
0.49694417999999996	8.780775547027588
0.497032714	8.826199531555176
0.497272762	8.880271911621094
0.497454137	8.90404486656189
0.49751292699999994	8.936750173568726
0.49748906200000004	8.98041296005249
0.497382483	9.030813217163086
0.497183762	9.081924438476562
0.49704598499999997	9.130637168884277
0.497051049	9.183304071426392
0.49703294600000003	9.214088678359985
0.496993249	9.236871242523193
0.49690099000000004	9.283549547195435
0.49684318899999996	9.330749750137329
0.496867637	9.374366998672485
0.4969110010000001	9.430757761001587
0.49697555400000004	9.479894876480103
0.49698707899999994	9.50348424911499
0.49701717199999995	9.537062883377075
0.49703294600000003	9.58083462715149
0.49708690499999997	9.630740642547607
0.497140398	9.680864095687866
0.49713102600000003	9.73176646232605
0.497074274	9.782382726669312
0.496946799	9.813028573989868
0.496894878	9.843366622924805
0.496905472	9.882313966751099
0.49704971000000003	9.932752847671509
0.49728533500000005	9.982283353805542
0.497376081	10.025526523590088
0.497364439	10.080105304718018
0.49731636	10.105895519256592
0.49733126099999997	10.142939805984497
0.49736222699999993	10.183066606521606
0.497441273	10.222707986831665
0.497504312	10.280440330505371
0.497450354	10.325188159942627
0.49735512600000004	10.372941732406616
0.497282192	10.403679132461548
0.497246569	10.442999362945557
0.497231027	10.481277704238892
0.49721955999999995	10.534873723983765
0.49725535800000004	10.58207654953003
0.497264671	10.633393287658691
0.49727800099999997	10.673894166946411
0.49727450800000006	10.713400602340698
0.497281202	10.740233659744263
0.49726496200000003	10.774206399917603
0.497269852	10.830530643463135
0.49729179600000006	10.882851123809814
0.497285626	10.935148000717163
0.49727404299999994	10.98206639289856
0.497238303	11.012253761291504
0.497263449	11.046884059906006
0.49731717400000003	11.100869178771973
0.49736502099999996	11.146654605865479
0.497352856	11.19661283493042
0.49731892099999997	11.247037410736084
0.497286906	11.301236152648926
0.49726245899999993	11.326641082763672
0.4972400490000001	11.373809814453125
0.497230212	11.430466890335083
0.497273752	11.474486112594604
0.49731245999999996	11.530386686325073
0.497337314	11.57690167427063
0.49731304200000004	11.613288402557373
0.49731298299999993	11.636794090270996
0.49731601	11.680306911468506
0.497322355	11.730142831802368
0.49737543999999995	11.780539274215698
0.49734790800000006	11.833618402481079
0.497329573	11.880242586135864
0.49728760499999997	11.907788038253784
0.497297267	11.936808586120605
0.497294415	11.980241060256958
0.49730861800000004	12.028534173965454
0.49731379800000003	12.080334424972534
0.49730506700000005	12.136115789413452
0.49733702299999993	12.180406093597412
0.49737351900000004	12.213704586029053
0.497424742	12.23651671409607
0.497444184	12.276241302490234
0.49747677999999995	12.325963497161865
0.49747322899999996	12.376319169998169
0.49745844399999994	12.426568746566772
0.497438945	12.475739002227783
0.497452624	12.509005784988403
0.49747456800000006	12.542766809463501
0.49749098300000005	12.57634425163269
0.49751426600000004	12.626474380493164
0.49754011	12.676329851150513
0.497545232	12.73340368270874
0.49755920200000003	12.781672716140747
0.497580098	12.803514003753662
0.497583649	12.83682656288147
0.497578119	12.879999160766602
0.497565838	12.930241584777832
0.497581379	12.981501340866089
Power (dBm)
26.970355091935552