Power (mW)	Time (sek)
0.49841363200000005	0.10317063331604004
0.49844523900000004	0.13682174682617188
0.4983978	0.17345571517944336
0.49841520400000006	0.20473170280456543
0.498405832	0.23656201362609863
0.49840298	0.2721681594848633
0.498393201	0.32640624046325684
0.49843132700000004	0.3706362247467041
0.49840554099999995	0.4254453182220459
0.498386449	0.47185802459716797
0.498404901	0.5032696723937988
0.498421374	0.5325796604156494
0.49843190899999995	0.5717458724975586
0.498432608	0.6199591159820557
0.49844291100000004	0.6718659400939941
0.498468231	0.7276020050048828
0.49846619400000003	0.7716712951660156
0.49846980300000004	0.8030054569244385
0.49848365599999994	0.8265948295593262
0.498476962	0.8696062564849854
0.49849139800000003	0.926332950592041
0.498517184	0.9697377681732178
0.498585345	1.0260515213012695
0.49862603200000005	1.0746018886566162
0.498558453	1.1032795906066895
0.49858278400000006	1.1365711688995361
0.49856212	1.1748313903808594
0.498626323	1.2193779945373535
0.498663925	1.2650258541107178
0.498668582	1.3255078792572021
0.49868214400000005	1.3755004405975342
0.498683425	1.4029483795166016
0.498690759	1.4364445209503174
0.49870699900000004	1.4922974109649658
0.49872603299999996	1.5426115989685059
0.49871509	1.5925724506378174
0.49877475200000004	1.6431066989898682
0.498706358	1.692840576171875
0.49870251699999996	1.7264084815979004
0.498654379	1.770167589187622
0.498777605	1.8245735168457031
0.49883068999999997	1.8694336414337158
0.49879954900000006	1.925870418548584
0.498784124	1.9753553867340088
0.498759269	1.9962315559387207
0.4987598509999999	2.0363152027130127
0.498774054	2.0752902030944824
0.49883517199999994	2.1198155879974365
0.49884314599999996	2.170074701309204
0.498771202	2.2257142066955566
0.49876095699999995	2.2751569747924805
0.49883197099999993	2.3026998043060303
0.49884163300000006	2.336359739303589
0.498840003	2.3753554821014404
0.498805079	2.4251012802124023
0.49883517199999994	2.4752862453460693
0.498866371	2.525251865386963
0.49881637100000004	2.5752596855163574
0.49881608	2.6033098697662354
0.49883068999999997	2.63138484954834
0.49884442700000003	2.675283193588257
0.498855195	2.726360559463501
0.49888703500000003	2.774385452270508
0.498872309	2.825307607650757
0.498820213	2.8752694129943848
0.498837151	2.9030702114105225
0.498879992	2.927074670791626
0.498889131	2.975271701812744
0.498874811	3.025824546813965
0.498842564	3.068958044052124
0.498846755	3.1260197162628174
0.498873822	3.174938678741455
0.4988648580000001	3.20314621925354
0.49884995699999995	3.2363035678863525
0.49885280899999995	3.274402618408203
0.49883977	3.325251817703247
0.49882708099999995	3.375122308731079
0.498837384	3.4256198406219482
0.498839421	3.4751946926116943
0.49884605700000006	3.5026800632476807
0.49882836199999997	3.53609299659729
0.498855778	3.5750577449798584
0.498875568	3.625225782394409
0.49884646400000004	3.6751937866210938
0.49884646400000004	3.7254230976104736
0.49885932800000005	3.7751176357269287
0.49884972400000005	3.8025221824645996
0.49884553299999995	3.8361194133758545
0.498851005	3.875176429748535
0.498875452	3.9257047176361084
0.498900306	3.9744107723236084
0.498875102	4.025469541549683
0.49888092300000003	4.075029611587524
0.498907699	4.102853536605835
0.4989304	4.135997533798218
0.498959795	4.175077199935913
0.49898464899999995	4.22507381439209
0.498945534	4.2692551612854
0.498947862	4.326822280883789
0.498953275	4.375072002410889
0.49894757100000003	4.402923822402954
0.49893424100000006	4.4360198974609375
0.49895624400000005	4.476125001907349
0.4989765	4.5250163078308105
0.498982961	4.575033903121948
0.498967245	4.625065326690674
0.49891299600000005	4.674997091293335
0.498918467	4.7022387981414795
0.49889361299999996	4.736083745956421
0.498908455	4.7748613357543945
0.49891322899999996	4.825021982192993
0.498917478	4.8742992877960205
0.49896066800000005	4.927080154418945
0.498952286	4.974995136260986
0.498945592	5.002634763717651
0.49892452099999995	5.0358195304870605
0.498952286	5.072583913803101
0.49894041100000003	5.1260786056518555
0.498933659	5.174386978149414
0.49894297299999996	5.225776195526123
0.49893872300000003	5.275109767913818
0.498955254	5.302408456802368
0.498973997	5.33614444732666
0.49901631399999996	5.375010967254639
0.499057875	5.42475700378418
0.49907271799999997	5.468826770782471
0.49916020399999994	5.5258142948150635
0.499234477	5.574971914291382
0.49922609500000004	5.59798526763916
0.499202521	5.636403799057007
0.49922161300000006	5.674444675445557
0.49919443	5.724662780761719
0.49921998300000003	5.774995803833008
0.49929280099999995	5.825453281402588
0.499240239	5.8747878074646
0.49923581499999997	5.906278610229492
0.49930065900000004	5.936029434204102
0.499190588	5.974936246871948
0.49957184799999993	6.024621248245239
0.49931445399999996	6.074845314025879
0.499162416	6.125318288803101
0.499111484	6.17496919631958
0.49905496400000005	6.202371835708618
0.4986563	6.231127023696899
0.49880374	6.274960279464722
0.49882923500000004	6.327063798904419
0.499040529	6.374405384063721
0.49912632700000004	6.425736665725708
0.49909733900000003	6.474947214126587
0.499045011	6.5025224685668945
0.498918758	6.535916090011597
0.49902458	6.574921607971191
0.498936919	6.624781847000122
0.49892196	6.668689727783203
0.498793728	6.725862264633179
0.498743204	6.774545192718506
0.498817419	6.8021018505096436
0.498789246	6.826005220413208
0.49885088800000005	6.874817609786987
0.498813752	6.925744533538818
0.498820038	6.974852085113525
0.498767593	7.025699615478516
0.498862239	7.074910402297974
0.49883325100000003	7.1051836013793945
0.49881218	7.135423898696899
0.49884652300000004	7.174905300140381
0.498767651	7.224843740463257
0.49865694000000005	7.274468183517456
0.4986340060000001	7.325449466705322
0.49864524000000005	7.375054836273193
0.498627662	7.402328968048096
0.49863662599999997	7.435410022735596
0.498542737	7.475115537643433
0.498427718	7.52531099319458
0.498362991	7.574789524078369
0.498261943	7.625794410705566
0.49820670399999994	7.674837827682495
0.49827474899999996	7.702194929122925
0.49833417899999993	7.735843896865845
0.498293492	7.774737596511841
0.49832585500000004	7.81956934928894
0.498294423	7.874660491943359
0.49831718199999997	7.925561904907227
0.498320325	7.974734306335449
0.498419045	8.002192735671997
0.498483947	8.035848140716553
0.498857116	8.074679374694824
0.5001344249999999	8.118781566619873
0.49951887899999997	8.174542427062988
0.499290589	8.225820302963257
0.499028945	8.275615692138672
0.49905828199999996	8.306461572647095
0.499019807	8.335762977600098
0.49902073799999996	8.374682903289795
0.49898656999999996	8.419124603271484
0.499148504	8.46898889541626
0.49925158999999997	8.525012493133545
0.49928005299999995	8.574690103530884
0.499353628	8.602123737335205
0.49930682899999995	8.62557053565979
0.49926718899999994	8.674558162689209
0.499201647	8.72545838356018
0.49916614099999995	8.774641752243042
0.49922632799999994	8.825297594070435
0.499291287	8.874644994735718
0.499315909	8.902529954910278
0.499242218	8.935164213180542
0.49921031999999993	8.974413633346558
0.49913214799999994	9.02459168434143
0.499088201	9.074583053588867
0.499092799	9.12669825553894
0.499121612	9.174606323242188
0.499258633	9.202200174331665
0.49921986599999996	9.23110032081604
0.49923895900000004	9.274366855621338
0.49920991299999995	9.324589729309082
0.499217713	9.368756771087646
0.49929198599999997	9.425659656524658
0.49929076299999997	9.474207639694214
0.499323942	9.501384496688843
0.49928680499999994	9.535377025604248
0.49918633900000003	9.568378210067749
0.49869215600000005	9.618981838226318
0.49803324500000007	9.67453646659851
0.49845228199999997	9.724835634231567
0.499031099	9.77450156211853
0.49923441800000007	9.801983833312988
0.499166374	9.835565090179443
0.49907056400000005	9.868480920791626
0.499123125	9.925364017486572
0.499190588	9.974485397338867
0.49915857399999997	10.025187492370605
0.499030168	10.074463605880737
0.499027839	10.103227615356445
0.499079877	10.135014295578003
0.499127316	10.17419171333313
0.49914309100000004	10.224485158920288
0.49907015600000004	10.274378538131714
0.499057875	10.325042963027954
0.498853507	10.374463081359863
0.498694368	10.401644706726074
0.498679583	10.435383081436157
0.498844252	10.475497722625732
0.499061483	10.524403095245361
0.49927731700000005	10.57441759109497
0.499246351	10.625466108322144
0.49893453299999996	10.673932075500488
0.49888651100000003	10.706109046936035
0.49890816400000004	10.7354576587677
0.499105081	10.774397373199463
0.499472255	10.824389696121216
0.49969286199999996	10.874311685562134
0.499687449	10.924821615219116
0.49930770199999996	10.97437858581543
0.499186979	11.002211332321167
0.499189249	11.035114526748657
0.49931585100000003	11.074390888214111
0.4995345950000001	11.12491750717163
0.499698974	11.174259424209595
0.49955502599999996	11.224984407424927
0.49929635099999997	11.274321556091309
0.49918994800000005	11.302123546600342
0.499181217	11.33487343788147
0.49931718999999997	11.374364376068115
0.499398448	11.424247741699219
0.4993065380000001	11.474151134490967
0.499166374	11.526652097702026
0.49902230999999997	11.57494831085205
0.49905595399999997	11.601566791534424
0.49901462599999996	11.625259637832642
0.499072368	11.674185276031494
0.49905898000000004	11.724287748336792
0.49890781500000003	11.774260997772217
0.498893263	11.825352907180786
0.499003392	11.874610662460327
0.49920188	11.901873111724854
0.499240647	11.93558645248413
0.499274756	11.974831342697144
0.499270274	12.024847745895386
0.49919076300000004	12.07426404953003
0.499194488	12.125042915344238
0.49922434799999993	12.1742262840271
0.49931294099999995	12.201383352279663
0.49924734000000004	12.235319375991821
0.499201298	12.274451971054077
0.49907766499999995	12.324703693389893
0.499028189	12.374186515808105
0.499071437	12.425095319747925
0.499119575	12.474680423736572
0.499174406	12.49600625038147
0.49907731600000005	12.535219192504883
0.49903366000000005	12.574711561203003
0.49894425300000006	12.62417197227478
0.498863519	12.674138307571411
0.49893330999999996	12.724744319915771
0.49896753600000004	12.774756908416748
0.49902306599999996	12.801859378814697
0.49890932899999996	12.834940433502197
0.498915906	12.874488115310669
0.49883162100000006	12.926146745681763
Power (dBm)
26.98035225841412