Power (mW)	Time (sek)
0.5142265580000001	0.08350443840026855
0.5142468139999999	0.11372947692871094
0.514221261	0.14727425575256348
0.514233194	0.1912093162536621
0.5142029840000001	0.24015045166015625
0.514179759	0.3009004592895508
0.514171901	0.34711122512817383
0.514172192	0.39100074768066406
0.5142032169999999	0.4242103099822998
0.514257757	0.4612617492675781
0.514292682	0.4911532402038574
0.5143171289999999	0.5467803478240967
0.514257525	0.5995955467224121
0.5142464649999999	0.6487269401550293
0.514304033	0.6932535171508789
0.5143543239999999	0.7217521667480469
0.5143528110000001	0.7537407875061035
0.514340354	0.7972302436828613
0.514278421	0.8474013805389404
0.5142264999999999	0.8974013328552246
0.514293264	0.9471561908721924
0.514346233	0.9973199367523193
0.51433692	1.026582956314087
0.514306012	1.053168535232544
0.514240703	1.0969562530517578
0.514216779	1.140472173690796
0.514019921	1.1966543197631836
0.5138844140000001	1.241931676864624
0.513812702	1.297130823135376
0.513763865	1.3300938606262207
0.513609557	1.3532230854034424
0.513595995	1.3966858386993408
0.5134766690000001	1.442206621170044
0.513397215	1.4971165657043457
0.513465027	1.5427262783050537
0.513606996	1.6002862453460693
0.5137115950000001	1.6298668384552002
0.513709034	1.657715082168579
0.513694074	1.697145938873291
0.5136838880000001	1.7469165325164795
0.513693842	1.7972493171691895
0.513747334	1.8488311767578125
0.513739709	1.8968021869659424
0.513733539	1.9304530620574951
0.513715146	1.957209825515747
0.513717765	1.9970288276672363
0.5137003029999999	2.0469422340393066
0.513694831	2.0997350215911865
0.513695821	2.1470606327056885
0.513701583	2.1965222358703613
0.5137074039999999	2.2300243377685547
0.5136723630000001	2.253082036972046
0.513678708	2.29645037651062
0.513666135	2.3497540950775146
0.513621548	2.392441749572754
0.513599254	2.4471566677093506
0.513569103	2.4918293952941895
0.513578241	2.5301835536956787
0.513574691	2.553481340408325
0.513585401	2.599726676940918
0.5135812679999999	2.646862268447876
0.513584062	2.69207501411438
0.513599603	2.7468929290771484
0.513600651	2.796043872833252
0.5136338300000001	2.829927682876587
0.513624458	2.8534178733825684
0.513633189	2.890890121459961
0.5136289399999999	2.947070598602295
0.5135860409999999	2.997144937515259
0.513584993	3.0500004291534424
0.5135688700000001	3.096791982650757
0.513492152	3.1300418376922607
0.513468287	3.153348684310913
0.5134906389999999	3.1969001293182373
0.513553794	3.2465858459472656
0.513439882	3.3013553619384766
0.5134717209999999	3.3464770317077637
0.513528939	3.3970108032226562
0.5136208489999999	3.4301187992095947
0.513622479	3.4530985355377197
0.513670268	3.4968416690826416
0.513661536	3.5498898029327393
0.5136550169999999	3.5966250896453857
0.5136783580000001	3.640806198120117
0.513670268	3.6967709064483643
0.513655425	3.730210065841675
0.5136205580000001	3.7580366134643555
0.513608858	3.799856185913086
0.51358511	3.8467283248901367
0.5135532119999999	3.8966715335845947
0.513440173	3.9469847679138184
0.513498962	4.000606298446655
0.5137781260000001	4.0300726890563965
0.513820502	4.053521394729614
0.513890467	4.096837759017944
0.5139911659999999	4.1468284130096436
0.514074462	4.192020654678345
0.51417388	4.249962329864502
0.5141403529999999	4.302033185958862
0.514114508	4.329700469970703
0.514082843	4.362863540649414
0.514088955	4.390603303909302
0.5140967550000001	4.446601629257202
0.514076732	4.499838590621948
0.514069572	4.5523293018341064
0.514028303	4.596680641174316
0.514058978	4.629903554916382
0.514052575	4.65343165397644
0.514065439	4.696617841720581
0.5139602	4.748931646347046
0.513830397	4.796523809432983
0.513697392	4.846524238586426
0.5135495449999999	4.896737575531006
0.513609906	4.9259257316589355
0.5135728860000001	4.952955722808838
0.513608626	5.000183582305908
0.513661827	5.04187536239624
0.513703562	5.0965187549591064
0.513681269	5.141884803771973
0.513590232	5.197259187698364
0.5135572860000001	5.229825973510742
0.51353313	5.252698183059692
0.513558567	5.302182674407959
0.513552455	5.352246284484863
0.513550476	5.3963539600372314
0.51356433	5.4498491287231445
0.5135224780000001	5.496445417404175
0.5135469260000001	5.530013799667358
0.5135354	5.553314208984375
0.513565028	5.596230745315552
0.513497624	5.646416187286377
0.513541163	5.699923038482666
0.51353412	5.746452569961548
0.5134227100000001	5.7962281703948975
0.5134497769999999	5.8302106857299805
0.513484993	5.853291034698486
0.5134766690000001	5.896080493927002
0.5135472750000001	5.949854612350464
0.513554085	5.991440773010254
0.513548381	6.04652214050293
0.513500534	6.091569662094116
0.513556006	6.129666566848755
0.5135705	6.152827024459839
0.513617939	6.190746307373047
0.5136509429999999	6.246286630630493
0.513596344	6.296121835708618
0.513539242	6.34631609916687
0.513431442	6.401011228561401
0.5134998359999999	6.429428339004517
0.5134873209999999	6.45291543006897
0.5135124080000001	6.496266603469849
0.513512059	6.5520339012146
0.513472361	6.59633731842041
0.513498322	6.651293039321899
0.513465959	6.695824861526489
0.513431092	6.722883701324463
0.513377832	6.752660512924194
0.513384352	6.7962868213653564
0.51334739	6.840158462524414
0.513241219	6.896740198135376
0.513219682	6.9517762660980225
0.513164152	6.9963719844818115
0.513171253	7.029880046844482
0.5131170039999999	7.052591323852539
0.513148669	7.096237421035767
0.5131267239999999	7.149892330169678
0.5130986679999999	7.196279525756836
0.5131383079999999	7.246347904205322
0.513121835	7.302063941955566
0.513139239	7.3297975063323975
0.5131127550000001	7.363238573074341
0.513126026	7.400941610336304
0.513135514	7.44573450088501
0.513149949	7.495652914047241
0.513218984	7.5461647510528564
0.513264269	7.599480628967285
0.513346458	7.629361152648926
0.5133484370000001	7.652631998062134
0.513380859	7.690356492996216
0.5133997770000001	7.746236324310303
0.5133981470000001	7.790850400924683
0.5134497769999999	7.84674596786499
0.513475214	7.89583945274353
0.51358022	7.929186105728149
0.513585401	7.95257043838501
0.513656123	7.996165037155151
0.513689884	8.046090602874756
0.513619627	8.099133968353271
0.513615611	8.14608883857727
0.5135427349999999	8.196205854415894
0.513595121	8.224597692489624
0.513645529	8.253038167953491
0.5137070549999999	8.301960229873657
0.51369844	8.348699569702148
0.513658568	8.3954336643219
0.513611187	8.44051742553711
0.5135927929999999	8.496108770370483
0.513596984	8.529662132263184
0.5135792309999999	8.562560558319092
0.513591862	8.600110530853271
0.513502106	8.640944242477417
0.5134065870000001	8.695943832397461
0.513501407	8.746102809906006
0.51351788	8.796140670776367
0.513538951	8.829322814941406
0.513455947	8.861084699630737
0.513417879	8.895949602127075
0.513402803	8.946099281311035
0.513357809	8.99604320526123
0.513388135	9.046205997467041
0.5133497180000001	9.0961594581604
0.5133700910000001	9.129140138626099
0.5133500670000001	9.152748823165894
0.513326493	9.196073055267334
0.513312407	9.24631142616272
0.513314677	9.300817251205444
0.5133658999999999	9.351722240447998
0.513406645	9.39565110206604
0.5133604860000001	9.429370880126953
0.513313396	9.462688684463501
0.513283594	9.495450735092163
0.513274746	9.549553394317627
0.513285573	9.59125828742981
0.513343024	9.646470308303833
0.513261941	9.691567659378052
0.513204199	9.729114770889282
0.513184175	9.75296139717102
0.513178355	9.790488243103027
0.5132160729999999	9.845887660980225
0.513191277	9.896056175231934
0.513188948	9.946116209030151
0.51313825	10.000260829925537
0.513153442	10.029043197631836
0.513156643	10.057783603668213
0.5131596119999999	10.096123695373535
0.513179868	10.15161943435669
0.5131725340000001	10.190455675125122
0.513151579	10.249865531921387
0.51310868	10.301595449447632
0.513076026	10.32425308227539
0.5130770149999999	10.362664699554443
0.513081497	10.395814418792725
0.5131054199999999	10.44939661026001
0.5130821369999999	10.49979543685913
0.5130750359999999	10.55102801322937
0.51305216	10.596102476119995
0.5130730569999999	10.629379272460938
0.5130782960000001	10.651940107345581
0.513093721	10.695842027664185
0.513113104	10.749088048934937
0.5130798089999999	10.795812845230103
0.51308627	10.841186285018921
0.513067585	10.896135807037354
0.513083069	10.9293692111969
0.513073755	10.957042932510376
0.513064035	10.998934507369995
0.5130618229999999	11.049163579940796
0.5130452919999999	11.09595012664795
0.5130618229999999	11.149121046066284
0.513054372	11.200318813323975
0.513078936	11.228809595108032
0.5130938949999999	11.252534627914429
0.51310705	11.301268100738525
0.513121544	11.35079574584961
0.513120904	11.39554762840271
0.513108214	11.449047565460205
0.513062463	11.490698337554932
0.513030856	11.52897334098816
0.512986269	11.552393913269043
0.512949366	11.590472936630249
0.51292975	11.64915943145752
0.5129171770000001	11.698774814605713
0.512967526	11.751379013061523
0.512989471	11.795904397964478
0.512942031	11.828890800476074
0.512922998	11.852339506149292
0.512886094	11.895782232284546
0.512848084	11.946741819381714
0.5127832990000001	11.995794773101807
0.512759376	12.049137830734253
0.51276054	12.09590482711792
0.5127716579999999	12.124181747436523
0.5127826010000001	12.152268886566162
0.512766128	12.19999623298645
0.5127351609999999	12.248857259750366
0.5126703180000001	12.30125617980957
0.512622239	12.341031312942505
0.512645522	12.395848512649536
0.5126703180000001	12.424825668334961
0.512686674	12.452698945999146
0.512694707	12.495236158370972
0.5127111219999999	12.551103353500366
0.512697035	12.595319032669067
0.512649014	12.649128675460815
0.512650469	12.696596145629883
0.512695755	12.728831052780151
0.512744766	12.756567239761353
0.5127596670000001	12.795316457748413
0.51278359	12.849022150039673
0.5127328910000001	12.89894413948059
Power (dBm)
27.105195799753695