Power (mW)	Time (sek)
0.5061634	0.10537505149841309
0.506170327	0.1294269561767578
0.506147684	0.18026256561279297
0.506118289	0.21147775650024414
0.5061333650000001	0.2420496940612793
0.5061015249999999	0.2790687084197998
0.5061031549999999	0.32902956008911133
0.506118638	0.3790428638458252
0.5061076950000001	0.4325740337371826
0.506134063	0.47849202156066895
0.506116718	0.514009952545166
0.506142736	0.5446419715881348
0.506116718	0.5813031196594238
0.506108685	0.6287102699279785
0.506128592	0.679405689239502
0.506092154	0.733271598815918
0.506109209	0.7802166938781738
0.506063458	0.809171199798584
0.506071141	0.8400893211364746
0.5060472180000001	0.8812086582183838
0.506045355	0.929872989654541
0.506067998	0.9801898002624512
0.506038836	1.0303428173065186
0.506054086	1.0801928043365479
0.506019802	1.113086223602295
0.506038137	1.1439731121063232
0.506013632	1.1809132099151611
0.50601078	1.2300331592559814
0.506027078	1.2789058685302734
0.506008859	1.3308429718017578
0.5060101979999999	1.3807199001312256
0.505981967	1.411576271057129
0.505985168	1.4390208721160889
0.5059569380000001	1.478888988494873
0.5059368559999999	1.5287537574768066
0.505940348	1.5784542560577393
0.505913922	1.6288866996765137
0.505931384	1.6786692142486572
0.5059065300000001	1.7122802734375
0.505925156	1.7456040382385254
0.50591887	1.7953567504882812
0.505888718	1.8454787731170654
0.505911594	1.895362138748169
0.505901291	1.9451041221618652
0.505907228	1.995203971862793
0.5058907549999999	2.030486583709717
0.5059155519999999	2.080312490463257
0.505893608	2.1287806034088135
0.505886041	2.1788151264190674
0.505874166	2.2287333011627197
0.50591561	2.2805395126342773
0.5058986719999999	2.3112456798553467
0.50591171	2.339036226272583
0.5058904059999999	2.3787856101989746
0.5058715469999999	2.4297659397125244
0.505914155	2.479903221130371
0.505920383	2.5298242568969727
0.505992095	2.5805115699768066
0.505994423	2.6133012771606445
0.5060349359999999	2.64068341255188
0.5060165999999999	2.679875612258911
0.5060433759999999	2.7305634021759033
0.506087265	2.7806148529052734
0.506055658	2.8318629264831543
0.506077893	2.882068157196045
0.506056997	2.913090229034424
0.506093667	2.9442684650421143
0.506046345	2.9785261154174805
0.506060198	3.029716730117798
0.505336735	3.0801358222961426
0.5052284100000001	3.130514621734619
0.5050839389999999	3.180633068084717
0.504946802	3.211184024810791
0.505080097	3.233635902404785
0.504856755	3.28047251701355
0.5050752660000001	3.3286566734313965
0.5050623439999999	3.3784632682800293
0.5049890610000001	3.428593158721924
0.505003612	3.4788267612457275
0.505065196	3.513045310974121
0.5051921469999999	3.5475926399230957
0.505173753	3.595113754272461
0.505164324	3.6451618671417236
0.5052544880000001	3.6951003074645996
0.505338772	3.7457900047302246
0.505373231	3.795130729675293
0.505282835	3.828623056411743
0.5053897039999999	3.8818562030792236
0.505363976	3.9284157752990723
0.505323929	3.9805963039398193
0.505388482	4.028201580047607
0.50543173	4.0783421993255615
0.505226955	4.1116273403167725
0.505125849	4.145141124725342
0.5053797499999999	4.199131011962891
0.5056053629999999	4.244800567626953
0.505696342	4.298404932022095
0.505720905	4.345207929611206
0.5057160159999999	4.395124912261963
0.5056335940000001	4.43113374710083
0.505652104	4.478461503982544
0.5056243970000001	4.528167963027954
0.505662465	4.578655004501343
0.5056425	4.630422115325928
0.505679927	4.678122043609619
0.505628937	4.711689233779907
0.5055457	4.744765758514404
0.505478121	4.7952799797058105
0.505560252	4.848158359527588
0.505652803	4.8955230712890625
0.505695469	4.949187994003296
0.5056880180000001	4.994630575180054
0.505644188	5.0281898975372314
0.505623524	5.0780720710754395
0.50558144	5.131612539291382
0.505636912	5.177851676940918
0.505642442	5.228275537490845
0.505683769	5.280547857284546
0.5056308	5.310798645019531
0.505614385	5.344775676727295
0.505641219	5.394732713699341
0.505856588	5.4450929164886475
0.505738659	5.494810342788696
0.505526026	5.545114517211914
0.505620323	5.599203109741211
0.505604025	5.628499984741211
0.505627715	5.678549289703369
0.505619275	5.728527784347534
0.505608623	5.7784857749938965
0.505457516	5.830946445465088
0.505413976	5.878267049789429
0.5054542559999999	5.91133975982666
0.505556294	5.944782495498657
0.5055688669999999	5.9946746826171875
0.505527598	6.044779539108276
0.5055411599999999	6.094733715057373
0.505589182	6.1445677280426025
0.505967473	6.195224046707153
0.505838718	6.227803945541382
0.505862641	6.279680013656616
0.505693723	6.332459926605225
0.504736439	6.378154277801514
0.503420946	6.432480335235596
0.503757154	6.478619813919067
0.50420186	6.5132787227630615
0.504669268	6.5381760597229
0.504931028	6.578460693359375
0.504926487	6.628569841384888
0.50496636	6.678166151046753
0.505054602	6.728034257888794
0.505143369	6.778029680252075
0.505134347	6.811649799346924
0.505142671	6.847152233123779
0.505129108	6.895114898681641
0.505071715	6.948337078094482
0.505069504	6.994906663894653
0.505055941	7.044761657714844
0.505008094	7.094755411148071
0.504993717	7.127613544464111
0.505151111	7.178879022598267
0.5051195039999999	7.227940559387207
0.505113625	7.277666091918945
0.5049990139999999	7.328202724456787
0.504991913	7.380342721939087
0.505064847	7.411320447921753
0.5050745680000001	7.437906742095947
0.5050904580000001	7.479388952255249
0.505101052	7.52819037437439
0.505154487	7.578306198120117
0.5051594930000001	7.628170490264893
0.50520926	7.678222894668579
0.505186326	7.710944890975952
0.5052073389999999	7.744504928588867
0.505173462	7.794983625411987
0.5050511099999999	7.844686269760132
0.505078875	7.894416332244873
0.5051902260000001	7.94424033164978
0.505234755	7.99489951133728
0.505172706	8.027889966964722
0.5052203200000001	8.080530166625977
0.505189993	8.130274534225464
0.5051838230000001	8.177638292312622
0.505199598	8.230197429656982
0.505269214	8.278013944625854
0.505286152	8.312936544418335
0.5052799819999999	8.344373226165771
0.505308039	8.394784450531006
0.505312579	8.447935104370117
0.505338423	8.494664430618286
0.505289994	8.547704696655273
0.505253789	8.59470248222351
0.50526415	8.628004550933838
0.505360367	8.67787790298462
0.505391043	8.728149652481079
0.505438424	8.783055543899536
0.5054178760000001	8.828099489212036
0.505406875	8.87799882888794
0.505331962	8.911300897598267
0.505322532	8.944204807281494
0.505334814	8.994443893432617
0.5053434290000001	9.04445481300354
0.505346572	9.094245433807373
0.5053319039999999	9.144555807113647
0.505340693	9.199629068374634
0.505343196	9.2307710647583
0.505359436	9.27775764465332
0.5053500639999999	9.328153610229492
0.505362987	9.378006219863892
0.505328353	9.429237842559814
0.505371951	9.479902982711792
0.5053429049999999	9.512248039245605
0.5053674100000001	9.539821147918701
0.505349366	9.579571008682251
0.505342323	9.627676725387573
0.505373231	9.680208444595337
0.50537748	9.730013847351074
0.505462638	9.779683113098145
0.505491742	9.81408953666687
0.505558681	9.846839904785156
0.505595643	9.900338888168335
0.505631207	9.948352813720703
0.505685399	10.000085353851318
0.505712873	10.049129724502563
0.505753502	10.098698377609253
0.505765202	10.128636360168457
0.5057789970000001	10.180235147476196
0.505808159	10.229562997817993
0.50584838	10.277750968933105
0.505879405	10.331245183944702
0.505927834	10.377329587936401
0.505932665	10.410900115966797
0.5059649700000001	10.44434905052185
0.505964737	10.494637727737427
0.5059957039999999	10.544333696365356
0.5060340050000001	10.593862771987915
0.506071723	10.644829750061035
0.506086391	10.695066213607788
0.5061008850000001	10.7297842502594
0.50611631	10.78134298324585
0.5061207919999999	10.830037593841553
0.50618063	10.87682056427002
0.50617801	10.930758953094482
0.506210083	10.97986125946045
0.5062170680000001	11.011130571365356
0.5062522829999999	11.041060209274292
0.506280048	11.080165386199951
0.506325217	11.129640102386475
0.506382319	11.18232536315918
0.506378885	11.231166362762451
0.5063755090000001	11.280165195465088
0.5063562420000001	11.310009479522705
0.506372715	11.340466737747192
0.50638133	11.380924463272095
0.506410375	11.429996490478516
0.50646771	11.480459451675415
0.506536686	11.531035900115967
0.506613113	11.58176875114441
0.506643846	11.61269497871399
0.5066579910000001	11.643312215805054
0.5066531590000001	11.677476644515991
0.5066537999999999	11.730128526687622
0.5066466399999999	11.779680490493774
0.506638899	11.831573247909546
0.5066764420000001	11.877542734146118
0.506692275	11.91258955001831
0.506723532	11.942037343978882
0.5067221940000001	11.977076768875122
0.506729062	12.030048370361328
0.506742625	12.079045534133911
0.506738026	12.129212617874146
0.506779703	12.179362535476685
0.5067893649999999	12.211920499801636
0.506816898	12.23926830291748
0.506796874	12.289183378219604
0.506783894	12.329394817352295
0.5067680609999999	12.379296064376831
0.506718643	12.431540250778198
0.50670997	12.478530168533325
0.506707758	12.513036012649536
0.506730401	12.540562629699707
0.506704149	12.580323696136475
0.50671224	12.629513502120972
0.5067381430000001	12.677097082138062
0.506743207	12.726893663406372
0.506750366	12.77676272392273
0.506744778	12.810611963272095
0.5067667809999999	12.845152378082275
0.506727025	12.876705884933472
0.5067329620000001	12.92994499206543
0.506764278	12.979403495788574
0.506785174	13.031587839126587
0.506830052	13.080607414245605
0.5068823229999999	13.1095130443573
0.5069149190000001	13.140957593917847
0.5069560719999999	13.176888704299927
0.507005374	13.226941585540771
0.507080927	13.279021978378296
0.507129356	13.328388214111328
0.50719548	13.38020133972168
0.507227844	13.410867691040039
Power (dBm)
27.039658180058453