Power (mW)	Time (sek)
0.591834483	0.13850188255310059
0.591811666	0.13850188255310059
0.591834367	0.13850188255310059
0.5918219100000001	0.13850188255310059
0.591808523	0.13850188255310059
0.5917988599999999	0.13850188255310059
0.591828197	0.13850188255310059
0.591826218	0.13850188255310059
0.591838849	0.13850188255310059
0.5918184759999999	0.13850188255310059
0.5918100359999999	0.13850188255310059
0.5917884409999999	0.13850188255310059
0.591811899	0.13850188255310059
0.591794902	0.13850188255310059
0.591758639	0.13850188255310059
0.591775985	0.13850188255310059
0.591742224	0.13850188255310059
0.591734773	0.13850188255310059
0.591705728	0.13850188255310059
0.591705728	0.13850188255310059
0.591696356	0.13850188255310059
0.591717777	0.13850188255310059
0.591721851	0.13850188255310059
0.591713469	0.13850188255310059
0.591710908	0.13850188255310059
0.591691874	0.13850188255310059
0.591703923	0.13850188255310059
0.591733784	0.13850188255310059
0.591752469	0.13850188255310059
0.591796823	0.13850188255310059
0.59179269	0.13850188255310059
0.5918107340000001	0.13850188255310059
0.5918230160000001	0.13850188255310059
0.5918290700000001	0.13850188255310059
0.591841119	0.13850188255310059
0.591846241	0.13850188255310059
0.5918770329999999	0.13850188255310059
0.591870979	0.13850188255310059
0.591869117	0.13850188255310059
0.591857184	0.13850188255310059
0.591880118	0.13850188255310059
0.59188914	0.13850188255310059
0.591896183	0.13850188255310059
0.5919007239999999	0.13850188255310059
0.591862365	0.13850188255310059
0.5918740060000001	0.13850188255310059
0.5918659150000001	0.13850188255310059
0.591870106	0.13850188255310059
0.5918610259999999	0.13850188255310059
0.59184269	0.13850188255310059
0.59179333	0.13850188255310059
0.591759337	0.13850188255310059
0.591738033	0.13850188255310059
0.591739896	0.13850188255310059
0.591725518	0.13850188255310059
0.591699267	0.13850188255310059
0.591668941	0.13850188255310059
0.5917143429999999	0.13850188255310059
0.591740885	0.13850188255310059
0.591752876	0.13850188255310059
0.591763412	0.13850188255310059
0.5917616069999999	0.13850188255310059
0.591791642	0.13850188255310059
0.591759919	0.13850188255310059
0.5917293020000001	0.13850188255310059
0.5917293020000001	0.13850188255310059
0.591810327	0.13850188255310059
0.591808697	0.13850188255310059
0.591788325	0.13850188255310059
0.591718999	0.13850188255310059
0.5916667290000001	0.13850188255310059
0.5917148080000001	0.13850188255310059
0.591722899	0.13850188255310059
0.5916750519999999	0.13850188255310059
0.591656368	0.13850188255310059
0.591638789	0.13850188255310059
0.591667776	0.13850188255310059
0.5916758089999999	0.13850188255310059
0.5916670780000001	0.13850188255310059
0.591606658	0.13850188255310059
0.59160759	0.13850188255310059
0.591646705	0.13850188255310059
0.5916886149999999	0.13850188255310059
0.5916904190000001	0.13850188255310059
0.591665041	0.13850188255310059
0.5916606169999999	0.13850188255310059
0.5916602089999999	0.13850188255310059
0.591653516	0.13850188255310059
0.591620454	0.13850188255310059
0.591593096	0.13850188255310059
0.59156894	0.13850188255310059
0.591594959	0.13850188255310059
0.59162901	0.13850188255310059
0.591640885	0.13850188255310059
0.591636403	0.13850188255310059
0.591667427	0.13850188255310059
0.5916625959999999	0.13850188255310059
0.5916583470000001	0.13850188255310059
0.5916337829999999	0.13850188255310059
0.5916085790000001	0.13850188255310059
0.5916460649999999	0.13850188255310059
0.5916605589999999	0.13850188255310059
0.591674529	0.13850188255310059
0.5916670780000001	0.13850188255310059
0.591657707	0.13850188255310059
0.5916450169999999	0.13850188255310059
0.591656775	0.13850188255310059
0.591632852	0.13850188255310059
0.591625634	0.13850188255310059
0.591588556	0.13850188255310059
0.5915888469999999	0.13850188255310059
0.59156795	0.13850188255310059
0.591585122	0.13850188255310059
0.591539021	0.13850188255310059
0.591531105	0.13850188255310059
0.5915091610000001	0.13850188255310059
0.591521442	0.13850188255310059
0.5915304650000001	0.13850188255310059
0.591540243	0.13850188255310059
0.5915380320000001	0.13850188255310059
0.5915344810000001	0.13850188255310059
0.591534597	0.13850188255310059
0.591552409	0.13850188255310059
0.591552642	0.13850188255310059
0.591571559	0.13850188255310059
0.5915372750000001	0.13850188255310059
0.591534714	0.13850188255310059
0.591525284	0.13850188255310059
0.591553049	0.13850188255310059
0.591549266	0.13850188255310059
0.591565738	0.13850188255310059
0.591553049	0.13850188255310059
0.591555028	0.13850188255310059
0.591583492	0.13850188255310059
0.591587974	0.13850188255310059
0.591592223	0.13850188255310059
0.59159199	0.13850188255310059
0.59157348	0.13850188255310059
0.591540651	0.13850188255310059
0.591549557	0.13850188255310059
0.5915659129999999	0.13850188255310059
0.5915730140000001	0.13850188255310059
0.591571152	0.13850188255310059
0.591558637	0.13850188255310059
0.591559452	0.13850188255310059
0.591557065	0.13850188255310059
0.591568183	0.13850188255310059
0.5915560179999999	0.13850188255310059
0.5915488	0.13850188255310059
0.591548858	0.13850188255310059
0.591560616	0.13850188255310059
0.591562071	0.13850188255310059
0.591570861	0.13850188255310059
0.591566029	0.13850188255310059
0.591550255	0.13850188255310059
0.5915330839999999	0.13850188255310059
0.591550546	0.13850188255310059
0.591563003	0.13850188255310059
0.591542688	0.13850188255310059
0.591542106	0.13850188255310059
0.5915091610000001	0.13850188255310059
0.591501768	0.13850188255310059
0.591509626	0.13850188255310059
0.591510616	0.13850188255310059
0.591510092	0.13850188255310059
0.591511722	0.13850188255310059
0.591519754	0.13850188255310059
0.5915457150000001	0.13850188255310059
0.59157348	0.13850188255310059
0.591584365	0.13850188255310059
0.59159525	0.13850188255310059
0.591583026	0.13850188255310059
0.591581222	0.13850188255310059
0.591605029	0.13850188255310059
0.591607706	0.13850188255310059
0.5916038060000001	0.13850188255310059
0.591595424	0.13850188255310059
0.591602817	0.13850188255310059
0.5916000809999999	0.13850188255310059
0.591588323	0.13850188255310059
0.59157284	0.13850188255310059
0.591559976	0.13850188255310059
0.591535354	0.13850188255310059
0.59151795	0.13850188255310059
0.591498043	0.13850188255310059
0.5914972860000001	0.13850188255310059
0.591490651	0.13850188255310059
0.591467659	0.13850188255310059
0.59148157	0.13850188255310059
0.5914694629999999	0.13850188255310059
0.591463293	0.13850188255310059
0.59145689	0.13850188255310059
0.591462944	0.13850188255310059
0.591464981	0.13850188255310059
0.591457938	0.13850188255310059
0.5914830249999999	0.13850188255310059
0.591480115	0.13850188255310059
0.591488439	0.13850188255310059
0.5915007790000001	0.13850188255310059
0.59151015	0.13850188255310059
0.591526914	0.13850188255310059
0.591511431	0.13850188255310059
0.5915050279999999	0.13850188255310059
0.5914874489999999	0.13850188255310059
0.591520162	0.13850188255310059
0.591527671	0.13850188255310059
0.591541815	0.13850188255310059
0.591533666	0.13850188255310059
0.5915560179999999	0.13850188255310059
0.591550546	0.13850188255310059
0.591548858	0.13850188255310059
0.591550604	0.13850188255310059
0.591542281	0.13850188255310059
0.5915420480000001	0.13850188255310059
0.591521792	0.13850188255310059
0.591518474	0.13850188255310059
0.59150852	0.13850188255310059
0.591477787	0.13850188255310059
0.5914526990000001	0.13850188255310059
0.591442687	0.13850188255310059
0.5914279610000001	0.13850188255310059
0.5914198700000001	0.13850188255310059
0.591415272	0.13850188255310059
0.591410149	0.13850188255310059
0.591400778	0.13850188255310059
0.5914000789999999	0.13850188255310059
0.5914221399999999	0.13850188255310059
0.591438031	0.13850188255310059
0.591447752	0.13850188255310059
0.5914448409999999	0.13850188255310059
0.5914518259999999	0.13850188255310059
0.5914310460000001	0.13850188255310059
0.591452292	0.13850188255310059
0.591451419	0.13850188255310059
0.59146632	0.13850188255310059
0.591476099	0.13850188255310059
0.5914894279999999	0.13850188255310059
0.591512013	0.13850188255310059
0.59149845	0.13850188255310059
0.591495016	0.13850188255310059
0.591483666	0.13850188255310059
0.5914774960000001	0.13850188255310059
0.591468473	0.13850188255310059
0.5914875660000001	0.13850188255310059
0.5914978679999999	0.13850188255310059
0.591482036	0.13850188255310059
0.5914806389999999	0.13850188255310059
0.591467135	0.13850188255310059
0.591473421	0.13850188255310059
0.5914661449999999	0.13850188255310059
0.5914558419999999	0.13850188255310059
0.59145916	0.13850188255310059
0.591449672	0.13850188255310059
0.591461081	0.13850188255310059
0.591466494	0.13850188255310059
0.591466553	0.13850188255310059
0.5914531070000001	0.13850188255310059
0.591432035	0.13850188255310059
0.591416378	0.13850188255310059
0.5914050270000001	0.13850188255310059
0.591408112	0.13850188255310059
0.591386866	0.13850188255310059
0.5913748169999999	0.13850188255310059
0.591364224	0.13850188255310059
0.591339485	0.13850188255310059
0.591345713	0.13850188255310059
0.591338263	0.13850188255310059
0.591329765	0.13850188255310059
0.59131108	0.13850188255310059
0.5913155619999999	0.13850188255310059
0.591324002	0.13850188255310059
0.59134746	0.13850188255310059
0.591383898	0.13850188255310059
0.591407588	0.13850188255310059
0.591419172	0.13850188255310059
0.591427088	0.13850188255310059
0.591442455	0.13850188255310059
0.591436226	0.13850188255310059
0.591438147	0.13850188255310059
0.591462711	0.13850188255310059
0.591443619	0.13850188255310059
0.591478776	0.13850188255310059
0.591490883	0.13850188255310059
0.591509801	0.13850188255310059
0.591503747	0.13850188255310059
0.591483316	0.13850188255310059
0.591464632	0.13850188255310059
0.591434829	0.13850188255310059
0.5914269129999999	0.13850188255310059
0.591381453	0.13850188255310059
0.591353746	0.13850188255310059
0.591320975	0.13850188255310059
0.591294898	0.13850188255310059
0.591284828	0.13850188255310059
0.591264456	0.13850188255310059
0.591275981	0.13850188255310059
0.5912506019999999	0.13850188255310059
0.591250835	0.13850188255310059
0.5912320919999999	0.13850188255310059
0.591245887	0.13850188255310059
Power (dBm)
27.720124428752815