Power (mW)	Time (sek)
0.573294121	0.13902854919433594
0.573283411	0.13902854919433594
0.57329447	0.13902854919433594
0.573315891	0.13902854919433594
0.573298486	0.13902854919433594
0.5732513960000001	0.13902854919433594
0.5732649009999999	0.13902854919433594
0.573085737	0.13902854919433594
0.573504774	0.13902854919433594
0.573873287	0.13902854919433594
0.573899481	0.13902854919433594
0.574274978	0.13902854919433594
0.5744251539999999	0.13902854919433594
0.574571139	0.13902854919433594
0.574488658	0.13902854919433594
0.5744007649999999	0.13902854919433594
0.5744394150000001	0.13902854919433594
0.574507634	0.13902854919433594
0.57475653	0.13902854919433594
0.575250771	0.13902854919433594
0.575885177	0.13902854919433594
0.576473016	0.13902854919433594
0.575666258	0.13902854919433594
0.576797	0.13902854919433594
0.574020552	0.13902854919433594
0.5753746949999999	0.13902854919433594
0.577142346	0.13902854919433594
0.577027909	0.13902854919433594
0.57655049	0.13902854919433594
0.576960389	0.13902854919433594
0.577313884	0.13902854919433594
0.576763414	0.13902854919433594
0.577200088	0.13902854919433594
0.5777783230000001	0.13902854919433594
0.578267034	0.13902854919433594
0.5787212869999999	0.13902854919433594
0.579020998	0.13902854919433594
0.578491483	0.13902854919433594
0.578565232	0.13902854919433594
0.5780633070000001	0.13902854919433594
0.577867439	0.13902854919433594
0.578601612	0.13902854919433594
0.578844629	0.13902854919433594
0.578464533	0.13902854919433594
0.577955157	0.13902854919433594
0.578109291	0.13902854919433594
0.578136882	0.13902854919433594
0.578591891	0.13902854919433594
0.579800457	0.13902854919433594
0.580974098	0.13902854919433594
0.5810399890000001	0.13902854919433594
0.582170323	0.13902854919433594
0.5822685200000001	0.13902854919433594
0.581832079	0.13902854919433594
0.5845217380000001	0.13902854919433594
0.58565865	0.13902854919433594
0.581720436	0.13902854919433594
0.5765010140000001	0.13902854919433594
0.5728400429999999	0.13902854919433594
0.570268312	0.13902854919433594
0.566682895	0.13902854919433594
0.561590889	0.13902854919433594
0.553952821	0.13902854919433594
0.5474469510000001	0.13902854919433594
0.542710244	0.13902854919433594
0.5415928900000001	0.13902854919433594
0.539399567	0.13902854919433594
0.53242076	0.13902854919433594
0.510741258	0.13902854919433594
0.49295433600000005	0.13902854919433594
0.490044826	0.13902854919433594
0.493296713	0.13902854919433594
0.496596855	0.13902854919433594
0.49962312899999994	0.13902854919433594
0.500161841	0.13902854919433594
0.498940353	0.13902854919433594
0.49855856899999995	0.13902854919433594
0.49896718700000003	0.13902854919433594
0.501139089	0.13902854919433594
0.5044543069999999	0.13902854919433594
0.5044245629999999	0.13902854919433594
0.500723196	0.13902854919433594
0.49876613799999997	0.13902854919433594
0.49984327100000003	0.13902854919433594
0.499713584	0.13902854919433594
0.502291135	0.13902854919433594
0.499077491	0.13902854919433594
0.48918003399999993	0.13902854919433594
0.482951553	0.13902854919433594
0.480809074	0.13902854919433594
0.47728559	0.13902854919433594
0.460401352	0.13902854919433594
0.442337536	0.13902854919433594
0.433199311	0.13902854919433594
0.424428727	0.13902854919433594
0.41339235	0.13902854919433594
0.40691718499999996	0.13902854919433594
0.40846850599999995	0.13902854919433594
0.415776129	0.13902854919433594
0.414826616	0.13902854919433594
0.41475097499999997	0.13902854919433594
0.41569065099999997	0.13902854919433594
0.416106806	0.13902854919433594
0.415794959	0.13902854919433594
0.41835900600000003	0.13902854919433594
0.421241915	0.13902854919433594
0.42212544900000004	0.13902854919433594
0.423546124	0.13902854919433594
0.424624275	0.13902854919433594
0.424474478	0.13902854919433594
0.423660065	0.13902854919433594
0.424690836	0.13902854919433594
0.426191255	0.13902854919433594
0.427187624	0.13902854919433594
0.427607913	0.13902854919433594
0.425321923	0.13902854919433594
0.42191011	0.13902854919433594
0.422248413	0.13902854919433594
0.42387310500000003	0.13902854919433594
0.41883447599999996	0.13902854919433594
0.419424003	0.13902854919433594
0.419129879	0.13902854919433594
0.419255404	0.13902854919433594
0.42095079	0.13902854919433594
0.423505146	0.13902854919433594
0.416677532	0.13902854919433594
0.41596021	0.13902854919433594
0.41226341299999997	0.13902854919433594
0.409788772	0.13902854919433594
0.40724893900000003	0.13902854919433594
0.404077378	0.13902854919433594
0.391368201	0.13902854919433594
0.38907796299999997	0.13902854919433594
0.38681968	0.13902854919433594
0.387205015	0.13902854919433594
0.386824802	0.13902854919433594
0.38547647999999995	0.13902854919433594
0.384094834	0.13902854919433594
0.38328013000000005	0.13902854919433594
0.383747567	0.13902854919433594
0.385461346	0.13902854919433594
0.385980675	0.13902854919433594
0.383888866	0.13902854919433594
0.377421558	0.13902854919433594
0.371830538	0.13902854919433594
0.362752908	0.13902854919433594
0.35724233	0.13902854919433594
0.356528908	0.13902854919433594
0.35828270500000003	0.13902854919433594
0.360115053	0.13902854919433594
0.361258368	0.13902854919433594
0.362287101	0.13902854919433594
0.363030587	0.13902854919433594
0.362976658	0.13902854919433594
0.36329779	0.13902854919433594
0.36253640400000003	0.13902854919433594
0.360736682	0.13902854919433594
0.360836159	0.13902854919433594
0.358768884	0.13902854919433594
0.357893819	0.13902854919433594
0.356741046	0.13902854919433594
0.358664372	0.13902854919433594
0.354204472	0.13902854919433594
0.354037184	0.13902854919433594
0.351841154	0.13902854919433594
0.35236930099999997	0.13902854919433594
0.35151606399999996	0.13902854919433594
0.35173533300000004	0.13902854919433594
0.348780304	0.13902854919433594
0.349598937	0.13902854919433594
0.34902663899999997	0.13902854919433594
0.348934031	0.13902854919433594
0.347052293	0.13902854919433594
0.345225271	0.13902854919433594
0.34289978800000004	0.13902854919433594
0.340144994	0.13902854919433594
0.337746256	0.13902854919433594
0.335907767	0.13902854919433594
0.33540171	0.13902854919433594
0.33546436999999996	0.13902854919433594
0.335409393	0.13902854919433594
0.335452351	0.13902854919433594
0.333824486	0.13902854919433594
0.332752068	0.13902854919433594
0.33245029000000004	0.13902854919433594
0.333599193	0.13902854919433594
0.331697171	0.13902854919433594
0.332691503	0.13902854919433594
0.33476678099999996	0.13902854919433594
0.336563127	0.13902854919433594
0.337113248	0.13902854919433594
0.337722362	0.13902854919433594
0.339141348	0.13902854919433594
0.341460778	0.13902854919433594
0.342910498	0.13902854919433594
0.343873369	0.13902854919433594
0.343743945	0.13902854919433594
0.343034742	0.13902854919433594
0.342764572	0.13902854919433594
0.34293343200000004	0.13902854919433594
0.343522755	0.13902854919433594
0.343899854	0.13902854919433594
0.343045074	0.13902854919433594
0.342818152	0.13902854919433594
0.343485415	0.13902854919433594
0.34436079999999997	0.13902854919433594
0.3450246	0.13902854919433594
0.34550053500000005	0.13902854919433594
0.345700799	0.13902854919433594
0.346429966	0.13902854919433594
0.348086643	0.13902854919433594
0.348851929	0.13902854919433594
0.34946372	0.13902854919433594
0.34992603499999997	0.13902854919433594
0.35027001300000005	0.13902854919433594
0.35030517	0.13902854919433594
0.350809161	0.13902854919433594
0.351165218	0.13902854919433594
0.35196318600000004	0.13902854919433594
0.35300327000000004	0.13902854919433594
0.354057876	0.13902854919433594
0.35401716	0.13902854919433594
0.354205433	0.13902854919433594
0.355046592	0.13902854919433594
0.35589817	0.13902854919433594
0.356902136	0.13902854919433594
0.3585823	0.13902854919433594
0.363290339	0.13902854919433594
0.374194467	0.13902854919433594
0.3809747	0.13902854919433594
0.385420339	0.13902854919433594
0.390580943	0.13902854919433594
0.393646391	0.13902854919433594
0.395752286	0.13902854919433594
0.39708512500000004	0.13902854919433594
0.39659036000000003	0.13902854919433594
0.396966381	0.13902854919433594
0.39762459299999997	0.13902854919433594
0.398291479	0.13902854919433594
0.398516189	0.13902854919433594
0.39860876900000003	0.13902854919433594
0.39889646	0.13902854919433594
0.39979373100000004	0.13902854919433594
0.40007371	0.13902854919433594
0.39940228499999997	0.13902854919433594
0.399557262	0.13902854919433594
0.399635959	0.13902854919433594
0.39967280499999996	0.13902854919433594
0.399765064	0.13902854919433594
0.399816665	0.13902854919433594
0.399574696	0.13902854919433594
0.39934640499999996	0.13902854919433594
0.399018492	0.13902854919433594
0.398880016	0.13902854919433594
0.39903295699999997	0.13902854919433594
0.39942516	0.13902854919433594
0.40000813900000004	0.13902854919433594
0.400184392	0.13902854919433594
0.400288991	0.13902854919433594
0.400245422	0.13902854919433594
0.40016404800000005	0.13902854919433594
0.400157878	0.13902854919433594
0.400416233	0.13902854919433594
0.400701887	0.13902854919433594
0.400993449	0.13902854919433594
0.40096661499999997	0.13902854919433594
0.400877441	0.13902854919433594
0.400941644	0.13902854919433594
0.401084399	0.13902854919433594
0.401098223	0.13902854919433594
0.401373283	0.13902854919433594
0.402133795	0.13902854919433594
0.402084988	0.13902854919433594
0.402500242	0.13902854919433594
0.402643549	0.13902854919433594
0.40280557	0.13902854919433594
0.403169426	0.13902854919433594
0.403489365	0.13902854919433594
0.403696467	0.13902854919433594
0.404008402	0.13902854919433594
0.404390565	0.13902854919433594
0.404586171	0.13902854919433594
0.40473625999999996	0.13902854919433594
0.40485285	0.13902854919433594
0.40500777	0.13902854919433594
0.405113591	0.13902854919433594
0.405049417	0.13902854919433594
0.40513591400000004	0.13902854919433594
0.405188883	0.13902854919433594
0.405203406	0.13902854919433594
0.405335712	0.13902854919433594
0.40548094	0.13902854919433594
0.405669824	0.13902854919433594
0.405998144	0.13902854919433594
0.40636057400000003	0.13902854919433594
0.406476174	0.13902854919433594
0.406622828	0.13902854919433594
0.406661216	0.13902854919433594
0.406675652	0.13902854919433594
0.40687451799999996	0.13902854919433594
Power (dBm)
26.380723665800232