Power (mW)	Time (sek)
0.6635378230000001	0.1132960319519043
0.663501385	0.1132960319519043
0.663487823	0.1132960319519043
0.663444924	0.1132960319519043
0.663447252	0.1132960319519043
0.663457729	0.1132960319519043
0.663482992	0.1132960319519043
0.66347816	0.1132960319519043
0.663510815	0.1132960319519043
0.663506158	0.1132960319519043
0.663524552	0.1132960319519043
0.663514191	0.1132960319519043
0.663465355	0.1132960319519043
0.6634683809999999	0.1132960319519043
0.663458486	0.1132960319519043
0.663482177	0.1132960319519043
0.663457497	0.1132960319519043
0.663447892	0.1132960319519043
0.663434621	0.1132960319519043
0.6634122109999999	0.1132960319519043
0.6634209999999999	0.1132960319519043
0.663408835	0.1132960319519043
0.66342816	0.1132960319519043
0.663426472	0.1132960319519043
0.663450162	0.1132960319519043
0.663454237	0.1132960319519043
0.6634600580000001	0.1132960319519043
0.663504528	0.1132960319519043
0.663496845	0.1132960319519043
0.6634707679999999	0.1132960319519043
0.663433573	0.1132960319519043
0.66344114	0.1132960319519043
0.663402316	0.1132960319519043
0.6634010349999999	0.1132960319519043
0.66342135	0.1132960319519043
0.663432293	0.1132960319519043
0.663424376	0.1132960319519043
0.663417217	0.1132960319519043
0.663428567	0.1132960319519043
0.6634444	0.1132960319519043
0.6634667519999999	0.1132960319519043
0.663488172	0.1132960319519043
0.663482875	0.1132960319519043
0.663480838	0.1132960319519043
0.663486659	0.1132960319519043
0.663486833	0.1132960319519043
0.663489103	0.1132960319519043
0.663489162	0.1132960319519043
0.6634817110000001	0.1132960319519043
0.6634507439999999	0.1132960319519043
0.663465646	0.1132960319519043
0.6634484740000001	0.1132960319519043
0.66348433	0.1132960319519043
0.6634923629999999	0.1132960319519043
0.663503888	0.1132960319519043
0.663493644	0.1132960319519043
0.663489103	0.1132960319519043
0.663510466	0.1132960319519043
0.6634965540000001	0.1132960319519043
0.6634903839999999	0.1132960319519043
0.663473038	0.1132960319519043
0.6634765300000001	0.1132960319519043
0.663477054	0.1132960319519043
0.6633797889999999	0.1132960319519043
0.663370301	0.1132960319519043
0.663379964	0.1132960319519043
0.6634206509999999	0.1132960319519043
0.6634732710000001	0.1132960319519043
0.6634315940000001	0.1132960319519043
0.663456332	0.1132960319519043
0.663441722	0.1132960319519043
0.663396553	0.1132960319519043
0.663382758	0.1132960319519043
0.6633906740000001	0.1132960319519043
0.663385028	0.1132960319519043
0.663364015	0.1132960319519043
0.6633127919999999	0.1132960319519043
0.663212209	0.1132960319519043
0.663201557	0.1132960319519043
0.6631704749999999	0.1132960319519043
0.663259008	0.1132960319519043
0.663295621	0.1132960319519043
0.663338404	0.1132960319519043
0.6633778680000001	0.1132960319519043
0.663270592	0.1132960319519043
0.663170649	0.1132960319519043
0.663159357	0.1132960319519043
0.663139508	0.1132960319519043
0.663452956	0.1132960319519043
0.663759711	0.1132960319519043
0.662781531	0.1132960319519043
0.66035823	0.1132960319519043
0.6586439559999999	0.1132960319519043
0.65892929	0.1132960319519043
0.658573175	0.1132960319519043
0.6595056619999999	0.1132960319519043
0.660504156	0.1132960319519043
0.661588914	0.1132960319519043
0.659257814	0.1132960319519043
0.6600508930000001	0.1132960319519043
0.6629429990000001	0.1132960319519043
0.66426018	0.1132960319519043
0.665652275	0.1132960319519043
0.665935338	0.1132960319519043
0.6620904900000001	0.1132960319519043
0.6600334889999999	0.1132960319519043
0.65817812	0.1132960319519043
0.6532048570000001	0.1132960319519043
0.6469725630000001	0.1132960319519043
0.646382803	0.1132960319519043
0.647655805	0.1132960319519043
0.63993939	0.1132960319519043
0.641526771	0.1132960319519043
0.645207474	0.1132960319519043
0.649197609	0.1132960319519043
0.650559261	0.1132960319519043
0.6506112399999999	0.1132960319519043
0.652868883	0.1132960319519043
0.6600268530000001	0.1132960319519043
0.664619438	0.1132960319519043
0.667187851	0.1132960319519043
0.668522262	0.1132960319519043
0.6682931559999999	0.1132960319519043
0.668515335	0.1132960319519043
0.668539084	0.1132960319519043
0.6689513100000001	0.1132960319519043
0.66799199	0.1132960319519043
0.666705659	0.1132960319519043
0.666840235	0.1132960319519043
0.666933251	0.1132960319519043
0.667457178	0.1132960319519043
0.667735469	0.1132960319519043
0.667664164	0.1132960319519043
0.668006309	0.1132960319519043
0.667961896	0.1132960319519043
0.667863118	0.1132960319519043
0.66757336	0.1132960319519043
0.6677091589999999	0.1132960319519043
0.667617307	0.1132960319519043
0.667777495	0.1132960319519043
0.668202352	0.1132960319519043
0.668129243	0.1132960319519043
0.667584594	0.1132960319519043
0.667124288	0.1132960319519043
0.666622655	0.1132960319519043
0.665482949	0.1132960319519043
0.665284577	0.1132960319519043
0.6656788170000001	0.1132960319519043
0.665123633	0.1132960319519043
0.665234053	0.1132960319519043
0.665748783	0.1132960319519043
0.666235283	0.1132960319519043
0.666361477	0.1132960319519043
0.666268053	0.1132960319519043
0.665673404	0.1132960319519043
0.665200059	0.1132960319519043
0.665326195	0.1132960319519043
0.665234635	0.1132960319519043
0.66501915	0.1132960319519043
0.665648025	0.1132960319519043
0.665646279	0.1132960319519043
0.6650293939999999	0.1132960319519043
0.6652667649999999	0.1132960319519043
0.665350584	0.1132960319519043
0.66536403	0.1132960319519043
0.665194355	0.1132960319519043
0.664902094	0.1132960319519043
0.66460442	0.1132960319519043
0.664510822	0.1132960319519043
0.664355117	0.1132960319519043
0.6642587249999999	0.1132960319519043
0.664207444	0.1132960319519043
0.664025312	0.1132960319519043
0.664046849	0.1132960319519043
0.6642195510000001	0.1132960319519043
0.6642277	0.1132960319519043
0.6642003430000001	0.1132960319519043
0.663976942	0.1132960319519043
0.663809013	0.1132960319519043
0.6638494669999999	0.1132960319519043
0.663975195	0.1132960319519043
0.664056919	0.1132960319519043
0.664171472	0.1132960319519043
0.664062041	0.1132960319519043
0.664007617	0.1132960319519043
0.664115476	0.1132960319519043
0.6642247320000001	0.1132960319519043
0.664241263	0.1132960319519043
0.664314779	0.1132960319519043
0.664188701	0.1132960319519043
0.664243184	0.1132960319519043
0.6642560470000001	0.1132960319519043
0.6642299119999999	0.1132960319519043
0.6643165830000001	0.1132960319519043
0.664396561	0.1132960319519043
0.664388062	0.1132960319519043
0.6643229860000001	0.1132960319519043
0.6642599469999999	0.1132960319519043
0.664222112	0.1132960319519043
0.664205756	0.1132960319519043
0.664243766	0.1132960319519043
0.664300867	0.1132960319519043
0.664319377	0.1132960319519043
0.6642599469999999	0.1132960319519043
0.6641914950000001	0.1132960319519043
0.664166466	0.1132960319519043
0.664210471	0.1132960319519043
0.664309075	0.1132960319519043
0.664378167	0.1132960319519043
0.664325373	0.1132960319519043
0.664171064	0.1132960319519043
0.664049468	0.1132960319519043
0.664082705	0.1132960319519043
0.664116989	0.1132960319519043
0.664097024	0.1132960319519043
0.663912913	0.1132960319519043
0.6638888740000001	0.1132960319519043
0.663946092	0.1132960319519043
0.663834449	0.1132960319519043
0.663857616	0.1132960319519043
0.663857441	0.1132960319519043
0.6639249620000001	0.1132960319519043
0.664077641	0.1132960319519043
0.664107793	0.1132960319519043
0.663918268	0.1132960319519043
0.663826417	0.1132960319519043
0.6638250779999999	0.1132960319519043
0.663726474	0.1132960319519043
0.6635678580000001	0.1132960319519043
0.6633746089999999	0.1132960319519043
0.6631954459999999	0.1132960319519043
0.66314853	0.1132960319519043
0.663142477	0.1132960319519043
0.663113315	0.1132960319519043
0.6629826379999999	0.1132960319519043
0.662698643	0.1132960319519043
0.662605977	0.1132960319519043
0.662306673	0.1132960319519043
0.662300445	0.1132960319519043
0.662459002	0.1132960319519043
0.662534498	0.1132960319519043
0.662613777	0.1132960319519043
0.662821403	0.1132960319519043
0.663051673	0.1132960319519043
0.6631502180000001	0.1132960319519043
0.663204526	0.1132960319519043
0.6631915460000001	0.1132960319519043
0.6631880529999999	0.1132960319519043
0.6631664	0.1132960319519043
0.6632177969999999	0.1132960319519043
0.663248473	0.1132960319519043
0.663180777	0.1132960319519043
0.663231243	0.1132960319519043
0.663205981	0.1132960319519043
0.66317356	0.1132960319519043
0.663151499	0.1132960319519043
0.663201325	0.1132960319519043
0.663231825	0.1132960319519043
0.663216808	0.1132960319519043
0.6632033039999999	0.1132960319519043
0.663200917	0.1132960319519043
0.663198938	0.1132960319519043
0.66320278	0.1132960319519043
0.663181883	0.1132960319519043
0.663163199	0.1132960319519043
0.663152023	0.1132960319519043
0.663146551	0.1132960319519043
0.663091138	0.1132960319519043
0.663006911	0.1132960319519043
0.6628848500000001	0.1132960319519043
0.662847422	0.1132960319519043
0.6628292610000001	0.1132960319519043
0.662857667	0.1132960319519043
0.662882288	0.1132960319519043
0.6628988189999999	0.1132960319519043
0.662908657	0.1132960319519043
0.662892649	0.1132960319519043
0.6628447449999999	0.1132960319519043
0.6628102859999999	0.1132960319519043
0.662800681	0.1132960319519043
0.6628658159999999	0.1132960319519043
0.6628198319999999	0.1132960319519043
0.662758946	0.1132960319519043
0.662657316	0.1132960319519043
0.6626141839999999	0.1132960319519043
0.66262047	0.1132960319519043
0.662598526	0.1132960319519043
0.662582752	0.1132960319519043
0.662570994	0.1132960319519043
0.6625490500000001	0.1132960319519043
0.662522332	0.1132960319519043
0.662475999	0.1132960319519043
0.662359293	0.1132960319519043
0.66228793	0.1132960319519043
0.662221166	0.1132960319519043
0.662172039	0.1132960319519043
0.662108767	0.1132960319519043
0.662066159	0.1132960319519043
0.662059989	0.1132960319519043
0.662091072	0.1132960319519043
Power (dBm)
28.216640056310943