Power (mW)	Time (sek)
0.656114193	0.13759493827819824
0.656110118	0.13759493827819824
0.656065939	0.13759493827819824
0.656039454	0.13759493827819824
0.655980723	0.13759493827819824
0.655958778	0.13759493827819824
0.655904762	0.13759493827819824
0.6558276359999999	0.13759493827819824
0.655757496	0.13759493827819824
0.655654992	0.13759493827819824
0.655669195	0.13759493827819824
0.6556724549999999	0.13759493827819824
0.655720709	0.13759493827819824
0.655738171	0.13759493827819824
0.655749289	0.13759493827819824
0.655795913	0.13759493827819824
0.655784912	0.13759493827819824
0.655810232	0.13759493827819824
0.6558565660000001	0.13759493827819824
0.655889977	0.13759493827819824
0.655879092	0.13759493827819824
0.655857439	0.13759493827819824
0.655879499	0.13759493827819824
0.655847078	0.13759493827819824
0.655830663	0.13759493827819824
0.655814132	0.13759493827819824
0.655815704	0.13759493827819824
0.655807904	0.13759493827819824
0.655799231	0.13759493827819824
0.655757904	0.13759493827819824
0.655738171	0.13759493827819824
0.655726937	0.13759493827819824
0.655745214	0.13759493827819824
0.655774784	0.13759493827819824
0.655766984	0.13759493827819824
0.65575121	0.13759493827819824
0.655760698	0.13759493827819824
0.6557417799999999	0.13759493827819824
0.655755226	0.13759493827819824
0.655773678	0.13759493827819824
0.655798824	0.13759493827819824
0.655771059	0.13759493827819824
0.6557643059999999	0.13759493827819824
0.6557826999999999	0.13759493827819824
0.655628974	0.13759493827819824
0.655641197	0.13759493827819824
0.655735203	0.13759493827819824
0.655617856	0.13759493827819824
0.6557386369999999	0.13759493827819824
0.655731594	0.13759493827819824
0.655777229	0.13759493827819824
0.655726471	0.13759493827819824
0.655719254	0.13759493827819824
0.655765296	0.13759493827819824
0.655795797	0.13759493827819824
0.65584312	0.13759493827819824
0.655886426	0.13759493827819824
0.655873562	0.13759493827819824
0.655822165	0.13759493827819824
0.655827462	0.13759493827819824
0.655824726	0.13759493827819824
0.655830314	0.13759493827819824
0.6559808970000001	0.13759493827819824
0.6561791520000001	0.13759493827819824
0.65631239	0.13759493827819824
0.6562396880000001	0.13759493827819824
0.656089163	0.13759493827819824
0.6561045879999999	0.13759493827819824
0.656148419	0.13759493827819824
0.656184624	0.13759493827819824
0.656095275	0.13759493827819824
0.65538293	0.13759493827819824
0.654510397	0.13759493827819824
0.65429596	0.13759493827819824
0.654125819	0.13759493827819824
0.6541997430000001	0.13759493827819824
0.654274016	0.13759493827819824
0.653866096	0.13759493827819824
0.653063878	0.13759493827819824
0.653237395	0.13759493827819824
0.6531364630000001	0.13759493827819824
0.652863411	0.13759493827819824
0.652668998	0.13759493827819824
0.652491231	0.13759493827819824
0.652483897	0.13759493827819824
0.6528027009999999	0.13759493827819824
0.653486699	0.13759493827819824
0.653633615	0.13759493827819824
0.65354706	0.13759493827819824
0.653531111	0.13759493827819824
0.653322786	0.13759493827819824
0.653224066	0.13759493827819824
0.653231516	0.13759493827819824
0.6530080570000001	0.13759493827819824
0.652652641	0.13759493827819824
0.652390183	0.13759493827819824
0.652348273	0.13759493827819824
0.6523591	0.13759493827819824
0.652677438	0.13759493827819824
0.6528466470000001	0.13759493827819824
0.6529359960000001	0.13759493827819824
0.653182622	0.13759493827819824
0.6531564870000001	0.13759493827819824
0.653104275	0.13759493827819824
0.652993156	0.13759493827819824
0.652967603	0.13759493827819824
0.652636401	0.13759493827819824
0.651426613	0.13759493827819824
0.649089168	0.13759493827819824
0.648606336	0.13759493827819824
0.648686604	0.13759493827819824
0.64870948	0.13759493827819824
0.648470654	0.13759493827819824
0.648063084	0.13759493827819824
0.6478995780000001	0.13759493827819824
0.648339337	0.13759493827819824
0.648728979	0.13759493827819824
0.648861809	0.13759493827819824
0.64903067	0.13759493827819824
0.64889557	0.13759493827819824
0.648570945	0.13759493827819824
0.6485740299999999	0.13759493827819824
0.647941255	0.13759493827819824
0.646583794	0.13759493827819824
0.6454693499999999	0.13759493827819824
0.644205487	0.13759493827819824
0.6430190410000001	0.13759493827819824
0.642358325	0.13759493827819824
0.642147847	0.13759493827819824
0.642581726	0.13759493827819824
0.642662984	0.13759493827819824
0.643012812	0.13759493827819824
0.643575273	0.13759493827819824
0.644236687	0.13759493827819824
0.6443604359999999	0.13759493827819824
0.645040884	0.13759493827819824
0.6456478149999999	0.13759493827819824
0.645911205	0.13759493827819824
0.646088738	0.13759493827819824
0.646483153	0.13759493827819824
0.646873494	0.13759493827819824
0.6472000969999999	0.13759493827819824
0.6476404379999999	0.13759493827819824
0.647468318	0.13759493827819824
0.646580243	0.13759493827819824
0.646035129	0.13759493827819824
0.646013999	0.13759493827819824
0.6455120160000001	0.13759493827819824
0.645203923	0.13759493827819824
0.645888562	0.13759493827819824
0.646583154	0.13759493827819824
0.646686123	0.13759493827819824
0.646879605	0.13759493827819824
0.646963832	0.13759493827819824
0.646937988	0.13759493827819824
0.647017849	0.13759493827819824
0.6466486960000001	0.13759493827819824
0.64620364	0.13759493827819824
0.645918481	0.13759493827819824
0.6454040409999999	0.13759493827819824
0.644703396	0.13759493827819824
0.644177257	0.13759493827819824
0.643516309	0.13759493827819824
0.642469444	0.13759493827819824
0.640799582	0.13759493827819824
0.639810867	0.13759493827819824
0.6390173219999999	0.13759493827819824
0.6380486879999999	0.13759493827819824
0.6373689389999999	0.13759493827819824
0.637106888	0.13759493827819824
0.636700483	0.13759493827819824
0.635954493	0.13759493827819824
0.6358516980000001	0.13759493827819824
0.635924109	0.13759493827819824
0.636351062	0.13759493827819824
0.636445358	0.13759493827819824
0.6361682900000001	0.13759493827819824
0.635526434	0.13759493827819824
0.634734402	0.13759493827819824
0.634303258	0.13759493827819824
0.634083059	0.13759493827819824
0.6338561070000001	0.13759493827819824
0.63385861	0.13759493827819824
0.634535972	0.13759493827819824
0.6366554879999999	0.13759493827819824
0.6400486449999999	0.13759493827819824
0.642117695	0.13759493827819824
0.6444636380000001	0.13759493827819824
0.647182344	0.13759493827819824
0.649025664	0.13759493827819824
0.650641101	0.13759493827819824
0.651884708	0.13759493827819824
0.652374292	0.13759493827819824
0.652406423	0.13759493827819824
0.652441347	0.13759493827819824
0.6524604979999999	0.13759493827819824
0.652471848	0.13759493827819824
0.652510906	0.13759493827819824
0.652546179	0.13759493827819824
0.6526068319999999	0.13759493827819824
0.652641873	0.13759493827819824
0.652656716	0.13759493827819824
0.652677612	0.13759493827819824
0.6526677169999999	0.13759493827819824
0.65266632	0.13759493827819824
0.652630581	0.13759493827819824
0.652664807	0.13759493827819824
0.652706542	0.13759493827819824
0.652732386	0.13759493827819824
0.652727205	0.13759493827819824
0.652764691	0.13759493827819824
0.652855204	0.13759493827819824
0.652978371	0.13759493827819824
0.6531006069999999	0.13759493827819824
0.6531403050000001	0.13759493827819824
0.653126102	0.13759493827819824
0.653074821	0.13759493827819824
0.652982795	0.13759493827819824
0.652976451	0.13759493827819824
0.653034833	0.13759493827819824
0.65310963	0.13759493827819824
0.653131632	0.13759493827819824
0.6531591059999999	0.13759493827819824
0.6531799439999999	0.13759493827819824
0.653149269	0.13759493827819824
0.653158349	0.13759493827819824
0.653124414	0.13759493827819824
0.653106777	0.13759493827819824
0.65310928	0.13759493827819824
0.653147115	0.13759493827819824
0.653174531	0.13759493827819824
0.653181807	0.13759493827819824
0.653193274	0.13759493827819824
0.653166091	0.13759493827819824
0.653159921	0.13759493827819824
0.653138326	0.13759493827819824
0.653123134	0.13759493827819824
0.653053925	0.13759493827819824
0.6529573	0.13759493827819824
0.65292808	0.13759493827819824
0.652936054	0.13759493827819824
0.6530117240000001	0.13759493827819824
0.6530592799999999	0.13759493827819824
0.653102528	0.13759493827819824
0.653126044	0.13759493827819824
0.6531524120000001	0.13759493827819824
0.6531591640000001	0.13759493827819824
0.653167022	0.13759493827819824
0.653156196	0.13759493827819824
0.653145195	0.13759493827819824
0.653134193	0.13759493827819824
0.653089257	0.13759493827819824
0.653037394	0.13759493827819824
0.652993156	0.13759493827819824
0.652854855	0.13759493827819824
0.652788498	0.13759493827819824
0.652780931	0.13759493827819824
0.652811723	0.13759493827819824
0.652852643	0.13759493827819824
0.652944611	0.13759493827819824
0.653028954	0.13759493827819824
0.653037569	0.13759493827819824
0.652998046	0.13759493827819824
0.652976451	0.13759493827819824
0.652957067	0.13759493827819824
0.652957009	0.13759493827819824
0.652961782	0.13759493827819824
0.652970572	0.13759493827819824
0.652976392	0.13759493827819824
0.653008348	0.13759493827819824
0.653029652	0.13759493827819824
0.653054332	0.13759493827819824
0.653064693	0.13759493827819824
0.653132913	0.13759493827819824
0.653212366	0.13759493827819824
0.653272436	0.13759493827819824
0.653346884	0.13759493827819824
0.653386232	0.13759493827819824
0.65342267	0.13759493827819824
0.653448049	0.13759493827819824
0.653474417	0.13759493827819824
0.653474883	0.13759493827819824
0.653503521	0.13759493827819824
0.653525814	0.13759493827819824
0.6535635329999999	0.13759493827819824
0.6535599820000001	0.13759493827819824
0.6535967699999999	0.13759493827819824
0.653618888	0.13759493827819824
0.6536517180000001	0.13759493827819824
0.653668947	0.13759493827819824
0.6536438010000001	0.13759493827819824
0.653634779	0.13759493827819824
0.653625466	0.13759493827819824
0.6536181320000001	0.13759493827819824
0.653598574	0.13759493827819824
0.6535466529999999	0.13759493827819824
0.65351557	0.13759493827819824
0.653495663	0.13759493827819824
0.6534811110000001	0.13759493827819824
0.653477735	0.13759493827819824
Power (dBm)
28.136720805720277