Power (mW)	Time (sek)
1.187476	0.0816
1.187563	0.1098
1.187473	0.1392
1.187489	0.1937
1.187495	0.2426
1.187544	0.2945
1.187437	0.3453
1.187479	0.3935
1.187695	0.4199
1.187437	0.4526
1.187518	0.4895
1.187412	0.5439
1.187438	0.5922
1.187524	0.6428
1.187537	0.6914
1.187518	0.7224
1.187508	0.7526
1.187515	0.7897
1.187608	0.8428
1.187566	0.8918
1.187518	0.9436
1.187556	0.9949
1.187483	1.0260
1.187486	1.0555
1.187569	1.0900
1.187530	1.1449
1.187521	1.1896
1.187569	1.2477
1.187598	1.2934
1.187495	1.3197
1.187563	1.3527
1.187502	1.3982
1.187576	1.4416
1.187653	1.4963
1.187543	1.5460
1.187608	1.5939
1.187595	1.6226
1.187592	1.6553
1.187563	1.6965
1.187502	1.7395
1.187495	1.7954
1.187604	1.8396
1.187569	1.8951
1.187553	1.9254
1.187521	1.9550
1.187508	1.9939
1.187556	2.0466
1.187476	2.0957
1.187496	2.1445
1.187482	2.1961
1.187839	2.2236
1.185687	2.2606
1.178969	2.3125
1.175340	2.3641
1.178648	2.4086
1.207475	2.4654
1.166363	2.5086
1.203498	2.5444
1.175163	2.5866
1.185215	2.6389
1.185549	2.6898
1.186182	2.7450
1.185045	2.7942
1.184637	2.8264
1.184727	2.8529
1.185084	2.8940
1.185630	2.9356
1.186118	2.9946
1.185681	3.0472
1.184743	3.0943
1.184361	3.1255
1.184563	3.1565
1.184936	3.1958
1.185710	3.2457
1.185845	3.2943
1.185453	3.3445
1.184971	3.3935
1.184919	3.4262
1.185058	3.4538
1.185379	3.5129
1.185331	3.5579
1.185157	3.6099
1.184968	3.6636
1.185151	3.7123
1.185347	3.7449
1.185437	3.7945
1.185357	3.8458
1.185051	3.8942
1.185045	3.9372
1.185109	3.9936
1.185289	4.0237
1.185411	4.0553
1.185405	4.0968
1.185222	4.1442
1.185234	4.1899
1.185151	4.2465
1.185238	4.2896
1.185289	4.3251
1.185212	4.3581
1.185148	4.3969
1.185029	4.4464
1.185106	4.4936
1.185334	4.5449
1.185302	4.5940
1.185273	4.6251
1.185093	4.6572
1.185158	4.6951
1.185154	4.7447
1.185209	4.7929
1.185234	4.8466
1.185296	4.8949
1.185144	4.9260
1.185119	4.9548
1.185154	4.9969
1.185202	5.0462
1.185289	5.0886
1.185203	5.1379
1.185148	5.1942
1.185370	5.2204
1.185241	5.2564
1.185173	5.2963
1.185145	5.3445
1.185151	5.3942
1.185177	5.4455
1.185058	5.4943
1.185209	5.5194
1.185205	5.5531
1.185116	5.6110
1.185128	5.6619
1.185196	5.7108
1.185286	5.7622
1.185225	5.8126
1.185350	5.8399
1.185260	5.8948
1.185231	5.9440
1.185186	5.9941
1.185241	6.0455
1.185334	6.0896
1.185263	6.1254
1.185311	6.1535
1.185334	6.1954
1.185279	6.2448
1.185209	6.2886
1.185202	6.3447
1.185135	6.3937
1.185209	6.4221
1.185151	6.4578
1.185128	6.5128
1.185138	6.5631
1.184974	6.6126
1.185109	6.6644
1.185273	6.7127
1.185135	6.7414
1.185158	6.7944
1.185119	6.8447
1.185113	6.8886
1.185067	6.9445
1.185090	6.9939
1.185141	7.0256
1.185029	7.0571
1.185170	7.1121
1.185119	7.1601
1.185113	7.2125
1.185122	7.2640
1.185222	7.3049
1.185151	7.3366
1.185286	7.3946
1.185170	7.4462
1.185373	7.4842
1.185222	7.5430
1.185225	7.5873
1.185186	7.6193
1.185257	7.6575
1.185109	7.6871
1.185283	7.7441
1.185196	7.7943
1.185263	7.8459
1.185263	7.8943
1.185202	7.9263
1.185212	7.9576
1.185148	8.0120
1.185170	8.0628
1.185273	8.1128
1.185206	8.1615
1.185206	8.2116
1.185292	8.2439
1.185270	8.2941
1.185234	8.3396
1.185244	8.3935
1.185270	8.4450
1.185251	8.4940
1.185350	8.5255
1.185379	8.5575
1.185238	8.6122
1.185257	8.6649
1.185254	8.7104
1.185286	8.7628
1.185206	8.8113
1.185222	8.8439
1.185266	8.8945
1.185157	8.9422
1.185328	8.9921
1.185331	9.0465
1.185238	9.0935
1.185177	9.1259
1.185276	9.1515
1.185270	9.1926
1.185241	9.2434
1.185241	9.2939
1.185315	9.3435
1.185247	9.3941
1.185257	9.4199
1.185228	9.4560
1.185231	9.4955
1.185257	9.5442
1.185257	9.5928
1.185231	9.6470
1.185270	9.6938
1.185228	9.7227
1.185315	9.7563
1.185286	9.7943
1.185308	9.8462
1.185273	9.8933
1.185312	9.9427
1.185328	9.9945
1.185366	10.0189
1.185334	10.0497
1.185305	10.0960
1.185385	10.1436
1.185357	10.1940
1.185427	10.2462
1.185433	10.2935
1.185331	10.3161
1.185334	10.3577
1.185408	10.4103
1.185350	10.4604
1.185363	10.5106
1.185357	10.5621
1.185385	10.6095
1.185373	10.6409
1.185415	10.6909
1.185321	10.7381
1.185292	10.7932
1.185382	10.8450
1.185443	10.8941
1.185450	10.9225
1.185379	10.9471
1.185389	10.9953
1.185357	11.0464
1.185395	11.0868
1.185389	11.1443
1.185405	11.1946
1.185501	11.2257
1.185366	11.2579
1.185604	11.3117
1.185430	11.3607
1.185447	11.4070
1.185450	11.4633
1.185402	11.5111
1.185610	11.5418
1.185418	11.5917
1.185296	11.6448
1.185411	11.6945
1.185321	11.7444
1.185376	11.7901
1.185373	11.8251
1.185373	11.8544
1.185392	11.8939
1.185296	11.9436
1.185347	11.9938
1.185405	12.0436
1.185315	12.0928
1.185337	12.1245
1.185360	12.1560
1.185324	12.1906
1.185389	12.2462
1.185402	12.2938
1.185379	12.3422
1.185321	12.3923
1.185424	12.4250
1.185536	12.4546
1.185581	12.4949
1.185408	12.5437
1.185389	12.5886
1.185433	12.6453
1.185398	12.6934
1.185331	12.7252
1.185408	12.7571
1.185398	12.7923
1.185472	12.8451
1.185405	12.8900
1.185450	12.9427
1.185453	12.9941
1.185424	13.0241
1.185440	13.0561
1.185431	13.0961
1.185466	13.1439
1.185447	13.1937
1.185488	13.2452
1.185476	13.2913

Mean Power (dBm):	0.7395
Mean Power (mW):	1.185623
