Power (mW)	Time (sek)
0.6502345199999999	0.13667726516723633
0.650255068	0.13667726516723633
0.650304602	0.13667726516723633
0.65028813	0.13667726516723633
0.65031345	0.13667726516723633
0.6502981999999999	0.13667726516723633
0.650266244	0.13667726516723633
0.6502694450000001	0.13667726516723633
0.650272181	0.13667726516723633
0.6502200269999999	0.13667726516723633
0.650151342	0.13667726516723633
0.650059548	0.13667726516723633
0.6500208399999999	0.13667726516723633
0.649977825	0.13667726516723633
0.650005066	0.13667726516723633
0.65007183	0.13667726516723633
0.650134287	0.13667726516723633
0.6502293400000001	0.13667726516723633
0.65030792	0.13667726516723633
0.65038848	0.13667726516723633
0.650631671	0.13667726516723633
0.652416027	0.13667726516723633
0.653625466	0.13667726516723633
0.654397358	0.13667726516723633
0.654805044	0.13667726516723633
0.655693584	0.13667726516723633
0.655972981	0.13667726516723633
0.656359654	0.13667726516723633
0.656418793	0.13667726516723633
0.6561129699999999	0.13667726516723633
0.655732758	0.13667726516723633
0.655497599	0.13667726516723633
0.65527251	0.13667726516723633
0.655146257	0.13667726516723633
0.655228563	0.13667726516723633
0.6552701820000001	0.13667726516723633
0.6552216359999999	0.13667726516723633
0.6548626120000001	0.13667726516723633
0.654703763	0.13667726516723633
0.654511387	0.13667726516723633
0.6539471210000001	0.13667726516723633
0.6529543320000001	0.13667726516723633
0.652384711	0.13667726516723633
0.652066083	0.13667726516723633
0.651110837	0.13667726516723633
0.6516941359999999	0.13667726516723633
0.651809503	0.13667726516723633
0.6518040900000001	0.13667726516723633
0.651711249	0.13667726516723633
0.651753333	0.13667726516723633
0.651808223	0.13667726516723633
0.651818118	0.13667726516723633
0.65178331	0.13667726516723633
0.651799492	0.13667726516723633
0.65184111	0.13667726516723633
0.651821145	0.13667726516723633
0.651826791	0.13667726516723633
0.6517975709999999	0.13667726516723633
0.651912007	0.13667726516723633
0.651969924	0.13667726516723633
0.651801471	0.13667726516723633
0.651796232	0.13667726516723633
0.651859504	0.13667726516723633
0.651848095	0.13667726516723633
0.65172452	0.13667726516723633
0.651698094	0.13667726516723633
0.651796989	0.13667726516723633
0.651778537	0.13667726516723633
0.651592854	0.13667726516723633
0.651488954	0.13667726516723633
0.651368231	0.13667726516723633
0.6512649119999999	0.13667726516723633
0.651312585	0.13667726516723633
0.651551818	0.13667726516723633
0.65155566	0.13667726516723633
0.651589304	0.13667726516723633
0.6516946600000001	0.13667726516723633
0.651730457	0.13667726516723633
0.65178267	0.13667726516723633
0.651772367	0.13667726516723633
0.6516877329999999	0.13667726516723633
0.651692215	0.13667726516723633
0.651714334	0.13667726516723633
0.651723647	0.13667726516723633
0.6516838330000001	0.13667726516723633
0.651655078	0.13667726516723633
0.651555776	0.13667726516723633
0.651618291	0.13667726516723633
0.651708513	0.13667726516723633
0.6517519940000001	0.13667726516723633
0.651804963	0.13667726516723633
0.651934301	0.13667726516723633
0.6520088650000001	0.13667726516723633
0.6519708550000001	0.13667726516723633
0.651931507	0.13667726516723633
0.6518933809999999	0.13667726516723633
0.651897572	0.13667726516723633
0.651880167	0.13667726516723633
0.651871902	0.13667726516723633
0.651891402	0.13667726516723633
0.65188203	0.13667726516723633
0.651809096	0.13667726516723633
0.6517663709999999	0.13667726516723633
0.651753333	0.13667726516723633
0.651719689	0.13667726516723633
0.651679526	0.13667726516723633
0.651660084	0.13667726516723633
0.65172225	0.13667726516723633
0.651725219	0.13667726516723633
0.651744078	0.13667726516723633
0.651720096	0.13667726516723633
0.6516822029999999	0.13667726516723633
0.651580864	0.13667726516723633
0.651424285	0.13667726516723633
0.6513820840000001	0.13667726516723633
0.651389419	0.13667726516723633
0.651397626	0.13667726516723633
0.651406881	0.13667726516723633
0.65143971	0.13667726516723633
0.651540584	0.13667726516723633
0.651620852	0.13667726516723633
0.651717302	0.13667726516723633
0.651711947	0.13667726516723633
0.651725743	0.13667726516723633
0.651769456	0.13667726516723633
0.651843322	0.13667726516723633
0.651748094	0.13667726516723633
0.6517834259999999	0.13667726516723633
0.651701353	0.13667726516723633
0.651589537	0.13667726516723633
0.651612761	0.13667726516723633
0.651686802	0.13667726516723633
0.651819166	0.13667726516723633
0.651911716	0.13667726516723633
0.6518533339999999	0.13667726516723633
0.651894545	0.13667726516723633
0.651944662	0.13667726516723633
0.651962881	0.13667726516723633
0.652013579	0.13667726516723633
0.651960145	0.13667726516723633
0.6518040319999999	0.13667726516723633
0.651657872	0.13667726516723633
0.651666371	0.13667726516723633
0.6515051350000001	0.13667726516723633
0.6513852280000001	0.13667726516723633
0.651361363	0.13667726516723633
0.651515496	0.13667726516723633
0.651625043	0.13667726516723633
0.65173069	0.13667726516723633
0.651883893	0.13667726516723633
0.652001821	0.13667726516723633
0.652059854	0.13667726516723633
0.6519523450000001	0.13667726516723633
0.6518200970000001	0.13667726516723633
0.651708338	0.13667726516723633
0.651596172	0.13667726516723633
0.651461422	0.13667726516723633
0.651438371	0.13667726516723633
0.6513925620000001	0.13667726516723633
0.651386916	0.13667726516723633
0.651466369	0.13667726516723633
0.651567068	0.13667726516723633
0.651631854	0.13667726516723633
0.6516897119999999	0.13667726516723633
0.651676732	0.13667726516723633
0.6518068840000001	0.13667726516723633
0.65184175	0.13667726516723633
0.651748851	0.13667726516723633
0.651670678	0.13667726516723633
0.651563867	0.13667726516723633
0.651425915	0.13667726516723633
0.651195471	0.13667726516723633
0.651064154	0.13667726516723633
0.651171897	0.13667726516723633
0.651236216	0.13667726516723633
0.651366252	0.13667726516723633
0.6514861599999999	0.13667726516723633
0.6516525750000001	0.13667726516723633
0.651834882	0.13667726516723633
0.651997048	0.13667726516723633
0.65211195	0.13667726516723633
0.65216847	0.13667726516723633
0.65209897	0.13667726516723633
0.652028597	0.13667726516723633
0.651864393	0.13667726516723633
0.651716429	0.13667726516723633
0.651661132	0.13667726516723633
0.651734183	0.13667726516723633
0.6516779540000001	0.13667726516723633
0.651724462	0.13667726516723633
0.651803392	0.13667726516723633
0.651894545	0.13667726516723633
0.652030518	0.13667726516723633
0.652153511	0.13667726516723633
0.652171613	0.13667726516723633
0.6520510070000001	0.13667726516723633
0.651995011	0.13667726516723633
0.651844312	0.13667726516723633
0.6517591540000001	0.13667726516723633
0.651800015	0.13667726516723633
0.651693263	0.13667726516723633
0.651642447	0.13667726516723633
0.651653623	0.13667726516723633
0.651696115	0.13667726516723633
0.651759387	0.13667726516723633
0.651876268	0.13667726516723633
0.6518826120000001	0.13667726516723633
0.6519271990000001	0.13667726516723633
0.6519421	0.13667726516723633
0.6519840680000001	0.13667726516723633
0.651944953	0.13667726516723633
0.651863695	0.13667726516723633
0.651760027	0.13667726516723633
0.651711307	0.13667726516723633
0.65170991	0.13667726516723633
0.651723298	0.13667726516723633
0.651773356	0.13667726516723633
0.651829469	0.13667726516723633
0.651879061	0.13667726516723633
0.6518429149999999	0.13667726516723633
0.651912065	0.13667726516723633
0.651984767	0.13667726516723633
0.651994837	0.13667726516723633
0.651955605	0.13667726516723633
0.6519430319999999	0.13667726516723633
0.6519254529999999	0.13667726516723633
0.651849958	0.13667726516723633
0.651802984	0.13667726516723633
0.651674985	0.13667726516723633
0.651637674	0.13667726516723633
0.651583483	0.13667726516723633
0.651543436	0.13667726516723633
0.6515341809999999	0.13667726516723633
0.651545648	0.13667726516723633
0.6516453	0.13667726516723633
0.651771086	0.13667726516723633
0.65182714	0.13667726516723633
0.651847164	0.13667726516723633
0.651823066	0.13667726516723633
0.6517519940000001	0.13667726516723633
0.651701936	0.13667726516723633
0.6516348799999999	0.13667726516723633
0.6515831919999999	0.13667726516723633
0.651537965	0.13667726516723633
0.651442271	0.13667726516723633
0.651377835	0.13667726516723633
0.651352631	0.13667726516723633
0.651406881	0.13667726516723633
0.6515092100000001	0.13667726516723633
0.651612878	0.13667726516723633
0.651643961	0.13667726516723633
0.651688199	0.13667726516723633
0.651744718	0.13667726516723633
0.651683775	0.13667726516723633
0.6516464639999999	0.13667726516723633
0.651542505	0.13667726516723633
0.651491981	0.13667726516723633
0.651409733	0.13667726516723633
0.65131078	0.13667726516723633
0.6512109540000001	0.13667726516723633
0.6510770180000001	0.13667726516723633
0.651048264	0.13667726516723633
0.651003851	0.13667726516723633
0.651064503	0.13667726516723633
0.6511078680000001	0.13667726516723633
0.651247392	0.13667726516723633
0.6513752740000001	0.13667726516723633
0.651447626	0.13667726516723633
0.651518058	0.13667726516723633
0.6515299320000001	0.13667726516723633
0.651546172	0.13667726516723633
0.651427836	0.13667726516723633
0.651312585	0.13667726516723633
0.651251816	0.13667726516723633
0.651207345	0.13667726516723633
0.651240931	0.13667726516723633
0.651242502	0.13667726516723633
0.6512764959999999	0.13667726516723633
0.6512630500000001	0.13667726516723633
0.651301467	0.13667726516723633
0.6512862159999999	0.13667726516723633
0.651348149	0.13667726516723633
0.651406881	0.13667726516723633
0.651430339	0.13667726516723633
0.651435985	0.13667726516723633
0.651430455	0.13667726516723633
0.6514283599999999	0.13667726516723633
0.651371665	0.13667726516723633
0.6512829569999999	0.13667726516723633
0.651168579	0.13667726516723633
0.651136739	0.13667726516723633
0.651091861	0.13667726516723633
0.6511202079999999	0.13667726516723633
0.651173817	0.13667726516723633
0.651187729	0.13667726516723633
0.6511912219999999	0.13667726516723633
0.6511811519999999	0.13667726516723633
0.651233655	0.13667726516723633
0.651298382	0.13667726516723633
0.6513406989999999	0.13667726516723633
Power (dBm)
28.14101687867053