Power (mW)	Time (sek)
0.6475360130000001	0.14130544662475586
0.647520355	0.14130544662475586
0.647465757	0.14130544662475586
0.647363777	0.14130544662475586
0.647285953	0.14130544662475586
0.64723473	0.14130544662475586
0.647225301	0.14130544662475586
0.647229026	0.14130544662475586
0.647210749	0.14130544662475586
0.647290202	0.14130544662475586
0.6473003300000001	0.14130544662475586
0.647311448	0.14130544662475586
0.647293578	0.14130544662475586
0.647287641	0.14130544662475586
0.647261564	0.14130544662475586
0.64725586	0.14130544662475586
0.6473078969999999	0.14130544662475586
0.647333276	0.14130544662475586
0.6474003309999999	0.14130544662475586
0.6473992829999999	0.14130544662475586
0.6474165129999999	0.14130544662475586
0.6474368269999999	0.14130544662475586
0.647372392	0.14130544662475586
0.647301786	0.14130544662475586
0.647214882	0.14130544662475586
0.6471481170000001	0.14130544662475586
0.6471486989999999	0.14130544662475586
0.647107721	0.14130544662475586
0.6471274539999999	0.14130544662475586
0.647145906	0.14130544662475586
0.647165754	0.14130544662475586
0.646975066	0.14130544662475586
0.646657194	0.14130544662475586
0.6466281479999999	0.14130544662475586
0.646712549	0.14130544662475586
0.646848581	0.14130544662475586
0.6471222729999999	0.14130544662475586
0.64748025	0.14130544662475586
0.64773811	0.14130544662475586
0.6479032450000001	0.14130544662475586
0.647944049	0.14130544662475586
0.6478141289999999	0.14130544662475586
0.647848763	0.14130544662475586
0.647446373	0.14130544662475586
0.647079316	0.14130544662475586
0.64667745	0.14130544662475586
0.6465722110000001	0.14130544662475586
0.646776927	0.14130544662475586
0.6468998619999999	0.14130544662475586
0.647115405	0.14130544662475586
0.6479925360000001	0.14130544662475586
0.649738067	0.14130544662475586
0.649644062	0.14130544662475586
0.6484960320000001	0.14130544662475586
0.646533736	0.14130544662475586
0.645032444	0.14130544662475586
0.645344495	0.14130544662475586
0.6455038089999999	0.14130544662475586
0.6456525879999999	0.14130544662475586
0.645529013	0.14130544662475586
0.645466207	0.14130544662475586
0.645764172	0.14130544662475586
0.6463321040000001	0.14130544662475586
0.646751781	0.14130544662475586
0.6469147049999999	0.14130544662475586
0.646979024	0.14130544662475586
0.647310517	0.14130544662475586
0.647290377	0.14130544662475586
0.6473123209999999	0.14130544662475586
0.647116802	0.14130544662475586
0.64697105	0.14130544662475586
0.646871631	0.14130544662475586
0.646773668	0.14130544662475586
0.646794622	0.14130544662475586
0.647103705	0.14130544662475586
0.647392531	0.14130544662475586
0.647295325	0.14130544662475586
0.647176639	0.14130544662475586
0.6470330990000001	0.14130544662475586
0.646963599	0.14130544662475586
0.646809465	0.14130544662475586
0.646832457	0.14130544662475586
0.646865577	0.14130544662475586
0.646911212	0.14130544662475586
0.6469062649999999	0.14130544662475586
0.646879897	0.14130544662475586
0.646775588	0.14130544662475586
0.646783388	0.14130544662475586
0.6467124910000001	0.14130544662475586
0.646771048	0.14130544662475586
0.6468451470000001	0.14130544662475586
0.646989618	0.14130544662475586
0.647296256	0.14130544662475586
0.647517678	0.14130544662475586
0.647755631	0.14130544662475586
0.6477855499999999	0.14130544662475586
0.647625711	0.14130544662475586
0.647528796	0.14130544662475586
0.6471956729999999	0.14130544662475586
0.64692786	0.14130544662475586
0.646530534	0.14130544662475586
0.64638711	0.14130544662475586
0.646545144	0.14130544662475586
0.6467655179999999	0.14130544662475586
0.6472890960000001	0.14130544662475586
0.647753128	0.14130544662475586
0.648059126	0.14130544662475586
0.648079673	0.14130544662475586
0.648004469	0.14130544662475586
0.647881476	0.14130544662475586
0.6477415449999999	0.14130544662475586
0.647513487	0.14130544662475586
0.647214067	0.14130544662475586
0.646932516	0.14130544662475586
0.646776287	0.14130544662475586
0.6467613280000001	0.14130544662475586
0.646793691	0.14130544662475586
0.646896427	0.14130544662475586
0.647091016	0.14130544662475586
0.647351844	0.14130544662475586
0.6475600530000001	0.14130544662475586
0.647605688	0.14130544662475586
0.647631707	0.14130544662475586
0.647594861	0.14130544662475586
0.6475399129999999	0.14130544662475586
0.6474728	0.14130544662475586
0.6473338	0.14130544662475586
0.647284498	0.14130544662475586
0.647356967	0.14130544662475586
0.647362089	0.14130544662475586
0.647325709	0.14130544662475586
0.647334266	0.14130544662475586
0.647298817	0.14130544662475586
0.64733153	0.14130544662475586
0.6473391549999999	0.14130544662475586
0.647306559	0.14130544662475586
0.647313893	0.14130544662475586
0.6473120880000001	0.14130544662475586
0.647061039	0.14130544662475586
0.646732398	0.14130544662475586
0.646582397	0.14130544662475586
0.646550965	0.14130544662475586
0.646498636	0.14130544662475586
0.64653228	0.14130544662475586
0.646799104	0.14130544662475586
0.646973727	0.14130544662475586
0.647194276	0.14130544662475586
0.647266279	0.14130544662475586
0.64722856	0.14130544662475586
0.647128909	0.14130544662475586
0.646919885	0.14130544662475586
0.646670116	0.14130544662475586
0.6464626059999999	0.14130544662475586
0.646260334	0.14130544662475586
0.646147644	0.14130544662475586
0.646096247	0.14130544662475586
0.646089378	0.14130544662475586
0.6463276800000001	0.14130544662475586
0.646660745	0.14130544662475586
0.646981818	0.14130544662475586
0.6472417149999999	0.14130544662475586
0.647366745	0.14130544662475586
0.647353416	0.14130544662475586
0.647306908	0.14130544662475586
0.6472748939999999	0.14130544662475586
0.647195906	0.14130544662475586
0.647192704	0.14130544662475586
0.647057663	0.14130544662475586
0.646997476	0.14130544662475586
0.64684666	0.14130544662475586
0.646801491	0.14130544662475586
0.6467939819999999	0.14130544662475586
0.646687578	0.14130544662475586
0.646571105	0.14130544662475586
0.646484143	0.14130544662475586
0.6464368779999999	0.14130544662475586
0.646438799	0.14130544662475586
0.646499451	0.14130544662475586
0.6465900809999999	0.14130544662475586
0.646638277	0.14130544662475586
0.64668816	0.14130544662475586
0.64667745	0.14130544662475586
0.646604341	0.14130544662475586
0.646470406	0.14130544662475586
0.646369066	0.14130544662475586
0.6461595769999999	0.14130544662475586
0.645831577	0.14130544662475586
0.645672902	0.14130544662475586
0.645679713	0.14130544662475586
0.645863707	0.14130544662475586
0.64624782	0.14130544662475586
0.6466631310000001	0.14130544662475586
0.6471956729999999	0.14130544662475586
0.647484441	0.14130544662475586
0.647643697	0.14130544662475586
0.647661451	0.14130544662475586
0.6475877600000001	0.14130544662475586
0.647364999	0.14130544662475586
0.646968256	0.14130544662475586
0.646756554	0.14130544662475586
0.6467240160000001	0.14130544662475586
0.646762783	0.14130544662475586
0.646872097	0.14130544662475586
0.647088571	0.14130544662475586
0.647102017	0.14130544662475586
0.647227862	0.14130544662475586
0.6471991659999999	0.14130544662475586
0.64715062	0.14130544662475586
0.646971865	0.14130544662475586
0.646751258	0.14130544662475586
0.646428554	0.14130544662475586
0.646256492	0.14130544662475586
0.6461826270000001	0.14130544662475586
0.6462258750000001	0.14130544662475586
0.646335015	0.14130544662475586
0.646396191	0.14130544662475586
0.646636821	0.14130544662475586
0.646940549	0.14130544662475586
0.646988396	0.14130544662475586
0.646948291	0.14130544662475586
0.646868488	0.14130544662475586
0.6468058560000001	0.14130544662475586
0.6467484640000001	0.14130544662475586
0.6466959600000001	0.14130544662475586
0.646569009	0.14130544662475586
0.646669127	0.14130544662475586
0.646815926	0.14130544662475586
0.646992296	0.14130544662475586
0.647090492	0.14130544662475586
0.647150795	0.14130544662475586
0.647278153	0.14130544662475586
0.647381996	0.14130544662475586
0.6474274560000001	0.14130544662475586
0.647373439	0.14130544662475586
0.6472978859999999	0.14130544662475586
0.647228211	0.14130544662475586
0.6471403179999999	0.14130544662475586
0.647011213	0.14130544662475586
0.646905799	0.14130544662475586
0.64681354	0.14130544662475586
0.64677815	0.14130544662475586
0.6467768690000001	0.14130544662475586
0.646734959	0.14130544662475586
0.646751316	0.14130544662475586
0.646748173	0.14130544662475586
0.6467636560000001	0.14130544662475586
0.6466833869999999	0.14130544662475586
0.64656185	0.14130544662475586
0.6465120240000001	0.14130544662475586
0.6464775070000001	0.14130544662475586
0.6464690670000001	0.14130544662475586
0.646483153	0.14130544662475586
0.6465399639999999	0.14130544662475586
0.6466313499999999	0.14130544662475586
0.646691013	0.14130544662475586
0.646772911	0.14130544662475586
0.646796252	0.14130544662475586
0.6468064969999999	0.14130544662475586
0.6467250059999999	0.14130544662475586
0.646682689	0.14130544662475586
0.64667064	0.14130544662475586
0.646689325	0.14130544662475586
0.6466678459999999	0.14130544662475586
0.646687578	0.14130544662475586
0.64677262	0.14130544662475586
0.646866101	0.14130544662475586
0.646928733	0.14130544662475586
0.647019537	0.14130544662475586
0.647069653	0.14130544662475586
0.647080888	0.14130544662475586
0.6470406080000001	0.14130544662475586
0.6470377559999999	0.14130544662475586
0.647022563	0.14130544662475586
0.64695836	0.14130544662475586
0.6468826900000001	0.14130544662475586
0.64674468	0.14130544662475586
0.646646426	0.14130544662475586
0.646580593	0.14130544662475586
0.646533095	0.14130544662475586
0.646496192	0.14130544662475586
0.646465225	0.14130544662475586
0.6464159230000001	0.14130544662475586
0.6463952599999999	0.14130544662475586
0.646412664	0.14130544662475586
0.64644462	0.14130544662475586
0.6464621979999999	0.14130544662475586
0.646531582	0.14130544662475586
0.646609929	0.14130544662475586
0.646652072	0.14130544662475586
0.646667206	0.14130544662475586
0.646654575	0.14130544662475586
0.646711327	0.14130544662475586
0.6467050409999999	0.14130544662475586
0.646705914	0.14130544662475586
0.646619359	0.14130544662475586
0.646613888	0.14130544662475586
0.646664586	0.14130544662475586
0.646683271	0.14130544662475586
0.6467503259999999	0.14130544662475586
0.646741828	0.14130544662475586
Power (dBm)
28.10869554525601