Power (mW)	Time (sek)
0.6577403980000001	0.13826894760131836
0.657769619	0.13826894760131836
0.657799712	0.13826894760131836
0.6578174649999999	0.13826894760131836
0.6578600149999999	0.13826894760131836
0.657868106	0.13826894760131836
0.65789721	0.13826894760131836
0.657958095	0.13826894760131836
0.6579558830000001	0.13826894760131836
0.657986442	0.13826894760131836
0.658008619	0.13826894760131836
0.658050994	0.13826894760131836
0.658078061	0.13826894760131836
0.658114732	0.13826894760131836
0.658174686	0.13826894760131836
0.6582075730000001	0.13826894760131836
0.658237957	0.13826894760131836
0.65820181	0.13826894760131836
0.658184872	0.13826894760131836
0.658152858	0.13826894760131836
0.658135919	0.13826894760131836
0.658097037	0.13826894760131836
0.6580379559999999	0.13826894760131836
0.658034114	0.13826894760131836
0.6579781769999999	0.13826894760131836
0.657969911	0.13826894760131836
0.6579406910000001	0.13826894760131836
0.657918165	0.13826894760131836
0.657925964	0.13826894760131836
0.657928118	0.13826894760131836
0.657947792	0.13826894760131836
0.6579091420000001	0.13826894760131836
0.65789884	0.13826894760131836
0.657845871	0.13826894760131836
0.657796161	0.13826894760131836
0.6577246240000001	0.13826894760131836
0.657649769	0.13826894760131836
0.65762439	0.13826894760131836
0.6576204320000001	0.13826894760131836
0.657644181	0.13826894760131836
0.657696626	0.13826894760131836
0.6577690359999999	0.13826894760131836
0.657857454	0.13826894760131836
0.6579711330000001	0.13826894760131836
0.658088655	0.13826894760131836
0.6581009369999999	0.13826894760131836
0.658150297	0.13826894760131836
0.6581738709999999	0.13826894760131836
0.65949955	0.13826894760131836
0.659057114	0.13826894760131836
0.65822812	0.13826894760131836
0.658899837	0.13826894760131836
0.65961096	0.13826894760131836
0.658095465	0.13826894760131836
0.657501165	0.13826894760131836
0.657743949	0.13826894760131836
0.656926772	0.13826894760131836
0.6564814250000001	0.13826894760131836
0.6573146670000001	0.13826894760131836
0.6578475	0.13826894760131836
0.657835626	0.13826894760131836
0.657900993	0.13826894760131836
0.658701989	0.13826894760131836
0.6584340009999999	0.13826894760131836
0.659013167	0.13826894760131836
0.660006946	0.13826894760131836
0.659977435	0.13826894760131836
0.6600864	0.13826894760131836
0.6605485689999999	0.13826894760131836
0.66045468	0.13826894760131836
0.660676567	0.13826894760131836
0.660653168	0.13826894760131836
0.660795311	0.13826894760131836
0.660124642	0.13826894760131836
0.659082958	0.13826894760131836
0.658937322	0.13826894760131836
0.658372592	0.13826894760131836
0.658482255	0.13826894760131836
0.658372592	0.13826894760131836
0.6583321369999999	0.13826894760131836
0.658316887	0.13826894760131836
0.658292673	0.13826894760131836
0.658313627	0.13826894760131836
0.658302859	0.13826894760131836
0.65830152	0.13826894760131836
0.658356643	0.13826894760131836
0.65837428	0.13826894760131836
0.6584082729999999	0.13826894760131836
0.6583642679999999	0.13826894760131836
0.658326549	0.13826894760131836
0.658285164	0.13826894760131836
0.658188772	0.13826894760131836
0.658063043	0.13826894760131836
0.65789558	0.13826894760131836
0.657798722	0.13826894760131836
0.6577483150000001	0.13826894760131836
0.657715776	0.13826894760131836
0.657727709	0.13826894760131836
0.657752738	0.13826894760131836
0.657786033	0.13826894760131836
0.6577519820000001	0.13826894760131836
0.6577039020000001	0.13826894760131836
0.6576373130000001	0.13826894760131836
0.657688943	0.13826894760131836
0.6577484889999999	0.13826894760131836
0.657818455	0.13826894760131836
0.657869095	0.13826894760131836
0.657930213	0.13826894760131836
0.657939352	0.13826894760131836
0.657954894	0.13826894760131836
0.6579210750000001	0.13826894760131836
0.6578716569999999	0.13826894760131836
0.6578809120000001	0.13826894760131836
0.65787998	0.13826894760131836
0.657916476	0.13826894760131836
0.6579426119999999	0.13826894760131836
0.657976896	0.13826894760131836
0.658067584	0.13826894760131836
0.658108795	0.13826894760131836
0.658117584	0.13826894760131836
0.6580944759999999	0.13826894760131836
0.658065837	0.13826894760131836
0.6580925550000001	0.13826894760131836
0.6581138590000001	0.13826894760131836
0.658075383	0.13826894760131836
0.6580075710000001	0.13826894760131836
0.6579573959999999	0.13826894760131836
0.6579297479999999	0.13826894760131836
0.657883007	0.13826894760131836
0.657806871	0.13826894760131836
0.657749129	0.13826894760131836
0.657741271	0.13826894760131836
0.657780678	0.13826894760131836
0.657824683	0.13826894760131836
0.657858327	0.13826894760131836
0.657889294	0.13826894760131836
0.657932949	0.13826894760131836
0.657969562	0.13826894760131836
0.657989469	0.13826894760131836
0.6579711330000001	0.13826894760131836
0.657934055	0.13826894760131836
0.6579139150000001	0.13826894760131836
0.6578697360000001	0.13826894760131836
0.657851459	0.13826894760131836
0.657893543	0.13826894760131836
0.657941622	0.13826894760131836
0.658047968	0.13826894760131836
0.658120029	0.13826894760131836
0.658188656	0.13826894760131836
0.6582440690000001	0.13826894760131836
0.658255361	0.13826894760131836
0.6582131609999999	0.13826894760131836
0.658150297	0.13826894760131836
0.658050994	0.13826894760131836
0.658007164	0.13826894760131836
0.65793714	0.13826894760131836
0.657887547	0.13826894760131836
0.657865661	0.13826894760131836
0.657864148	0.13826894760131836
0.657945871	0.13826894760131836
0.658050529	0.13826894760131836
0.658116071	0.13826894760131836
0.658164208	0.13826894760131836
0.658195699	0.13826894760131836
0.658153498	0.13826894760131836
0.658056117	0.13826894760131836
0.657991506	0.13826894760131836
0.6579058240000001	0.13826894760131836
0.6578800969999999	0.13826894760131836
0.6578415049999999	0.13826894760131836
0.6578503529999999	0.13826894760131836
0.6578330649999999	0.13826894760131836
0.657789991	0.13826894760131836
0.657717057	0.13826894760131836
0.657690805	0.13826894760131836
0.657700934	0.13826894760131836
0.6577719470000001	0.13826894760131836
0.657878234	0.13826894760131836
0.658007048	0.13826894760131836
0.65810926	0.13826894760131836
0.65817649	0.13826894760131836
0.658151519	0.13826894760131836
0.6581658960000001	0.13826894760131836
0.658119272	0.13826894760131836
0.658105477	0.13826894760131836
0.658056641	0.13826894760131836
0.658043602	0.13826894760131836
0.6580012270000001	0.13826894760131836
0.657989818	0.13826894760131836
0.65793976	0.13826894760131836
0.657917873	0.13826894760131836
0.6579193870000001	0.13826894760131836
0.658017641	0.13826894760131836
0.65811188	0.13826894760131836
0.6581002380000001	0.13826894760131836
0.6580377230000001	0.13826894760131836
0.657961762	0.13826894760131836
0.657829747	0.13826894760131836
0.6576877790000001	0.13826894760131836
0.657613797	0.13826894760131836
0.657612865	0.13826894760131836
0.65765949	0.13826894760131836
0.657725323	0.13826894760131836
0.657777826	0.13826894760131836
0.657859549	0.13826894760131836
0.657994009	0.13826894760131836
0.658045406	0.13826894760131836
0.6580210759999999	0.13826894760131836
0.657964963	0.13826894760131836
0.65793941	0.13826894760131836
0.65789622	0.13826894760131836
0.657890632	0.13826894760131836
0.6579049509999999	0.13826894760131836
0.657955359	0.13826894760131836
0.658015022	0.13826894760131836
0.657995406	0.13826894760131836
0.6580124030000001	0.13826894760131836
0.6580143239999999	0.13826894760131836
0.65807288	0.13826894760131836
0.658165256	0.13826894760131836
0.6581986089999999	0.13826894760131836
0.658216304	0.13826894760131836
0.6581697959999999	0.13826894760131836
0.658149074	0.13826894760131836
0.658067525	0.13826894760131836
0.657959084	0.13826894760131836
0.6578719479999999	0.13826894760131836
0.6578090249999999	0.13826894760131836
0.657746568	0.13826894760131836
0.657709315	0.13826894760131836
0.6576761950000001	0.13826894760131836
0.657684344	0.13826894760131836
0.657775439	0.13826894760131836
0.657900469	0.13826894760131836
0.657990924	0.13826894760131836
0.657990691	0.13826894760131836
0.657975557	0.13826894760131836
0.6579172329999999	0.13826894760131836
0.657843018	0.13826894760131836
0.657803554	0.13826894760131836
0.657768338	0.13826894760131836
0.657758908	0.13826894760131836
0.657758035	0.13826894760131836
0.6577954629999999	0.13826894760131836
0.657841971	0.13826894760131836
0.657922646	0.13826894760131836
0.658051635	0.13826894760131836
0.658096746	0.13826894760131836
0.6580873740000001	0.13826894760131836
0.658086734	0.13826894760131836
0.658093602	0.13826894760131836
0.6580816119999999	0.13826894760131836
0.6580841150000001	0.13826894760131836
0.6580702030000001	0.13826894760131836
0.658023055	0.13826894760131836
0.657982484	0.13826894760131836
0.657924043	0.13826894760131836
0.657908851	0.13826894760131836
0.6578845790000001	0.13826894760131836
0.657896337	0.13826894760131836
0.657909783	0.13826894760131836
0.65790175	0.13826894760131836
0.6579157779999999	0.13826894760131836
0.657921541	0.13826894760131836
0.657939701	0.13826894760131836
0.6579341719999999	0.13826894760131836
0.657958095	0.13826894760131836
0.657941797	0.13826894760131836
0.657903089	0.13826894760131836
0.657836266	0.13826894760131836
0.657801051	0.13826894760131836
0.657753961	0.13826894760131836
0.657720782	0.13826894760131836
0.657766184	0.13826894760131836
0.657831086	0.13826894760131836
0.6579377799999999	0.13826894760131836
0.657984812	0.13826894760131836
0.65801962	0.13826894760131836
0.658031087	0.13826894760131836
0.658072764	0.13826894760131836
0.658109726	0.13826894760131836
0.6580925550000001	0.13826894760131836
0.658068922	0.13826894760131836
0.658017234	0.13826894760131836
0.658013276	0.13826894760131836
0.657972065	0.13826894760131836
0.65795565	0.13826894760131836
0.657929457	0.13826894760131836
0.6579049509999999	0.13826894760131836
0.657910714	0.13826894760131836
0.65789494	0.13826894760131836
0.657896861	0.13826894760131836
0.6579230540000001	0.13826894760131836
0.657922355	0.13826894760131836
0.6578908649999999	0.13826894760131836
0.657842611	0.13826894760131836
0.6577523310000001	0.13826894760131836
0.657641503	0.13826894760131836
0.657592318	0.13826894760131836
0.657521829	0.13826894760131836
Power (dBm)
28.182591945044855