Power (mW)	Time (sek)
0.662663719	0.10819005966186523
0.662663719	0.10819005966186523
0.662663777	0.10819005966186523
0.6626814719999999	0.10819005966186523
0.662765407	0.10819005966186523
0.662794453	0.10819005966186523
0.662722799	0.10819005966186523
0.66278805	0.10819005966186523
0.662779319	0.10819005966186523
0.662773789	0.10819005966186523
0.662775303	0.10819005966186523
0.662820879	0.10819005966186523
0.662914361	0.10819005966186523
0.662932696	0.10819005966186523
0.662984094	0.10819005966186523
0.6630077839999999	0.10819005966186523
0.663054932	0.10819005966186523
0.663027517	0.10819005966186523
0.662918144	0.10819005966186523
0.6627673279999999	0.10819005966186523
0.6626547549999999	0.10819005966186523
0.6626297839999999	0.10819005966186523
0.6625706450000001	0.10819005966186523
0.662554754	0.10819005966186523
0.662586302	0.10819005966186523
0.6623257069999999	0.10819005966186523
0.662557257	0.10819005966186523
0.6630794959999999	0.10819005966186523
0.663216109	0.10819005966186523
0.663418206	0.10819005966186523
0.6635857279999999	0.10819005966186523
0.663984858	0.10819005966186523
0.664188934	0.10819005966186523
0.664338528	0.10819005966186523
0.6641043	0.10819005966186523
0.664249412	0.10819005966186523
0.6643257800000001	0.10819005966186523
0.6646051190000001	0.10819005966186523
0.664638006	0.10819005966186523
0.6648795679999999	0.10819005966186523
0.66496362	0.10819005966186523
0.665152329	0.10819005966186523
0.664932304	0.10819005966186523
0.6641333460000001	0.10819005966186523
0.6634455640000001	0.10819005966186523
0.663270126	0.10819005966186523
0.6637938790000001	0.10819005966186523
0.66383282	0.10819005966186523
0.663737999	0.10819005966186523
0.663648883	0.10819005966186523
0.66358567	0.10819005966186523
0.6635400929999999	0.10819005966186523
0.663588289	0.10819005966186523
0.66365127	0.10819005966186523
0.6637737969999999	0.10819005966186523
0.6639249620000001	0.10819005966186523
0.6640334609999999	0.10819005966186523
0.664148945	0.10819005966186523
0.664210413	0.10819005966186523
0.66418614	0.10819005966186523
0.66413579	0.10819005966186523
0.663968094	0.10819005966186523
0.6638464980000001	0.10819005966186523
0.663820363	0.10819005966186523
0.66370389	0.10819005966186523
0.663688639	0.10819005966186523
0.6638250779999999	0.10819005966186523
0.6639929489999999	0.10819005966186523
0.6641850920000001	0.10819005966186523
0.664331194	0.10819005966186523
0.664409541	0.10819005966186523
0.6644483069999999	0.10819005966186523
0.66438166	0.10819005966186523
0.664224499	0.10819005966186523
0.6640809010000001	0.10819005966186523
0.663984858	0.10819005966186523
0.66397147	0.10819005966186523
0.663954299	0.10819005966186523
0.663990038	0.10819005966186523
0.6640162319999999	0.10819005966186523
0.664054591	0.10819005966186523
0.6641288639999999	0.10819005966186523
0.664158084	0.10819005966186523
0.6642238589999999	0.10819005966186523
0.664279389	0.10819005966186523
0.664290274	0.10819005966186523
0.664247957	0.10819005966186523
0.664167746	0.10819005966186523
0.664093299	0.10819005966186523
0.664071355	0.10819005966186523
0.664038816	0.10819005966186523
0.663985033	0.10819005966186523
0.663931191	0.10819005966186523
0.663936255	0.10819005966186523
0.663973624	0.10819005966186523
0.664024439	0.10819005966186523
0.6640506909999999	0.10819005966186523
0.664071355	0.10819005966186523
0.664113031	0.10819005966186523
0.664166117	0.10819005966186523
0.664252846	0.10819005966186523
0.664292602	0.10819005966186523
0.6642584340000001	0.10819005966186523
0.664196617	0.10819005966186523
0.664116582	0.10819005966186523
0.664036605	0.10819005966186523
0.663948827	0.10819005966186523
0.663906569	0.10819005966186523
0.663855113	0.10819005966186523
0.663757266	0.10819005966186523
0.663771236	0.10819005966186523
0.6638384070000001	0.10819005966186523
0.664018793	0.10819005966186523
0.664255465	0.10819005966186523
0.664594758	0.10819005966186523
0.6646351540000001	0.10819005966186523
0.664707739	0.10819005966186523
0.664670311	0.10819005966186523
0.664519204	0.10819005966186523
0.664350693	0.10819005966186523
0.664296211	0.10819005966186523
0.664334628	0.10819005966186523
0.6643297380000001	0.10819005966186523
0.664326421	0.10819005966186523
0.664333871	0.10819005966186523
0.66439301	0.10819005966186523
0.664457446	0.10819005966186523
0.664518855	0.10819005966186523
0.664605875	0.10819005966186523
0.664685562	0.10819005966186523
0.6647176920000001	0.10819005966186523
0.664687308	0.10819005966186523
0.664595282	0.10819005966186523
0.664467225	0.10819005966186523
0.664354826	0.10819005966186523
0.664320018	0.10819005966186523
0.664367806	0.10819005966186523
0.664433057	0.10819005966186523
0.664555235	0.10819005966186523
0.664638996	0.10819005966186523
0.664654421	0.10819005966186523
0.66460605	0.10819005966186523
0.664563151	0.10819005966186523
0.66455442	0.10819005966186523
0.664546213	0.10819005966186523
0.664502091	0.10819005966186523
0.664491381	0.10819005966186523
0.66445634	0.10819005966186523
0.664452382	0.10819005966186523
0.6644298559999999	0.10819005966186523
0.66443847	0.10819005966186523
0.6644294479999999	0.10819005966186523
0.6644668170000001	0.10819005966186523
0.664547726	0.10819005966186523
0.664568448	0.10819005966186523
0.6645638500000001	0.10819005966186523
0.664544699	0.10819005966186523
0.664541789	0.10819005966186523
0.6644842799999999	0.10819005966186523
0.664457388	0.10819005966186523
0.664416468	0.10819005966186523
0.6646919649999999	0.10819005966186523
0.664884516	0.10819005966186523
0.664964959	0.10819005966186523
0.664970023	0.10819005966186523
0.664956577	0.10819005966186523
0.6649766	0.10819005966186523
0.665017578	0.10819005966186523
0.6650816070000001	0.10819005966186523
0.665127416	0.10819005966186523
0.665167056	0.10819005966186523
0.665208441	0.10819005966186523
0.665259315	0.10819005966186523
0.665308791	0.10819005966186523
0.665322354	0.10819005966186523
0.665276195	0.10819005966186523
0.665164553	0.10819005966186523
0.665131025	0.10819005966186523
0.665067404	0.10819005966186523
0.6650002319999999	0.10819005966186523
0.665004016	0.10819005966186523
0.665037718	0.10819005966186523
0.665092142	0.10819005966186523
0.665147789	0.10819005966186523
0.665199652	0.10819005966186523
0.665261992	0.10819005966186523
0.665268453	0.10819005966186523
0.665264262	0.10819005966186523
0.665222935	0.10819005966186523
0.665129046	0.10819005966186523
0.665092259	0.10819005966186523
0.665058673	0.10819005966186523
0.665025262	0.10819005966186523
0.664988591	0.10819005966186523
0.6649505229999999	0.10819005966186523
0.6649618740000001	0.10819005966186523
0.665009138	0.10819005966186523
0.6650551219999999	0.10819005966186523
0.6651352159999999	0.10819005966186523
0.665170373	0.10819005966186523
0.66514191	0.10819005966186523
0.665135856	0.10819005966186523
0.665090338	0.10819005966186523
0.665055355	0.10819005966186523
0.665051513	0.10819005966186523
0.6650767169999999	0.10819005966186523
0.6652483720000001	0.10819005966186523
0.66528155	0.10819005966186523
0.665314961	0.10819005966186523
0.665341504	0.10819005966186523
0.665379805	0.10819005966186523
0.665329979	0.10819005966186523
0.665178057	0.10819005966186523
0.665177067	0.10819005966186523
0.66522538	0.10819005966186523
0.665169966	0.10819005966186523
0.665170955	0.10819005966186523
0.665186089	0.10819005966186523
0.665187603	0.10819005966186523
0.665194821	0.10819005966186523
0.6652912710000001	0.10819005966186523
0.665379805	0.10819005966186523
0.665350701	0.10819005966186523
0.665281666	0.10819005966186523
0.665278756	0.10819005966186523
0.66529779	0.10819005966186523
0.665165891	0.10819005966186523
0.6651285800000001	0.10819005966186523
0.665158383	0.10819005966186523
0.665125553	0.10819005966186523
0.6650415019999999	0.10819005966186523
0.665070605	0.10819005966186523
0.6651039	0.10819005966186523
0.665106403	0.10819005966186523
0.665137428	0.10819005966186523
0.665145228	0.10819005966186523
0.6651673469999999	0.10819005966186523
0.66518411	0.10819005966186523
0.665222935	0.10819005966186523
0.665217289	0.10819005966186523
0.6652370209999999	0.10819005966186523
0.665268977	0.10819005966186523
0.665280386	0.10819005966186523
0.665276486	0.10819005966186523
0.665262283	0.10819005966186523
0.665193307	0.10819005966186523
0.665116997	0.10819005966186523
0.665059546	0.10819005966186523
0.6650350989999999	0.10819005966186523
0.665032538	0.10819005966186523
0.665056519	0.10819005966186523
0.6651203729999999	0.10819005966186523
0.6651461590000001	0.10819005966186523
0.6651786390000001	0.10819005966186523
0.6651823060000001	0.10819005966186523
0.665182888	0.10819005966186523
0.665173167	0.10819005966186523
0.665165833	0.10819005966186523
0.6651553560000001	0.10819005966186523
0.665163214	0.10819005966186523
0.665141328	0.10819005966186523
0.66509773	0.10819005966186523
0.665071246	0.10819005966186523
0.665051804	0.10819005966186523
0.665053725	0.10819005966186523
0.665094529	0.10819005966186523
0.665162574	0.10819005966186523
0.665182888	0.10819005966186523
0.66518801	0.10819005966186523
0.6651981379999999	0.10819005966186523
0.665179337	0.10819005966186523
0.665133528	0.10819005966186523
0.6651119329999999	0.10819005966186523
0.665144122	0.10819005966186523
0.66517957	0.10819005966186523
0.665190106	0.10819005966186523
0.6652007000000001	0.10819005966186523
0.66525687	0.10819005966186523
0.665238535	0.10819005966186523
0.665187777	0.10819005966186523
0.665214611	0.10819005966186523
0.665121654	0.10819005966186523
0.665078405	0.10819005966186523
0.665090454	0.10819005966186523
0.6650443540000001	0.10819005966186523
0.6649401620000001	0.10819005966186523
0.664928579	0.10819005966186523
0.664963096	0.10819005966186523
0.6649750280000001	0.10819005966186523
0.664984516	0.10819005966186523
0.665046566	0.10819005966186523
0.665092201	0.10819005966186523
0.665084692	0.10819005966186523
0.6650860300000001	0.10819005966186523
0.6650754369999999	0.10819005966186523
0.665079919	0.10819005966186523
0.6650869620000001	0.10819005966186523
0.66510163	0.10819005966186523
0.6650831199999999	0.10819005966186523
0.665078638	0.10819005966186523
Power (dBm)
28.224984322038416