Power (mW)	Time (sek)
0.657329161	0.13262724876403809
0.657335157	0.13262724876403809
0.657340104	0.13262724876403809
0.657383061	0.13262724876403809
0.6574427829999999	0.13262724876403809
0.657502271	0.13262724876403809
0.65750815	0.13262724876403809
0.657568278	0.13262724876403809
0.657564728	0.13262724876403809
0.657545927	0.13262724876403809
0.657533063	0.13262724876403809
0.657469733	0.13262724876403809
0.6573671130000001	0.13262724876403809
0.657285505	0.13262724876403809
0.657196972	0.13262724876403809
0.65717008	0.13262724876403809
0.657171418	0.13262724876403809
0.657232536	0.13262724876403809
0.6572970890000001	0.13262724876403809
0.657398137	0.13262724876403809
0.657531957	0.13262724876403809
0.657609082	0.13262724876403809
0.6576288140000001	0.13262724876403809
0.657598604	0.13262724876403809
0.657586672	0.13262724876403809
0.6575113509999999	0.13262724876403809
0.65742532	0.13262724876403809
0.657398428	0.13262724876403809
0.65737823	0.13262724876403809
0.657415483	0.13262724876403809
0.657459139	0.13262724876403809
0.6575410370000001	0.13262724876403809
0.657649362	0.13262724876403809
0.657737663	0.13262724876403809
0.657857512	0.13262724876403809
0.657913566	0.13262724876403809
0.657926546	0.13262724876403809
0.657920085	0.13262724876403809
0.6578739849999999	0.13262724876403809
0.6577978489999999	0.13262724876403809
0.657692784	0.13262724876403809
0.657553726	0.13262724876403809
0.657441095	0.13262724876403809
0.657441793	0.13262724876403809
0.65745489	0.13262724876403809
0.657515018	0.13262724876403809
0.6575747390000001	0.13262724876403809
0.657652738	0.13262724876403809
0.657751516	0.13262724876403809
0.657817814	0.13262724876403809
0.657837372	0.13262724876403809
0.657814613	0.13262724876403809
0.6577858	0.13262724876403809
0.657695753	0.13262724876403809
0.657597964	0.13262724876403809
0.657539465	0.13262724876403809
0.657491386	0.13262724876403809
0.6575465669999999	0.13262724876403809
0.657571945	0.13262724876403809
0.657621888	0.13262724876403809
0.657458324	0.13262724876403809
0.6569653049999999	0.13262724876403809
0.6549326940000001	0.13262724876403809
0.655031123	0.13262724876403809
0.655105861	0.13262724876403809
0.655344222	0.13262724876403809
0.6555463770000001	0.13262724876403809
0.655812561	0.13262724876403809
0.655387645	0.13262724876403809
0.655238342	0.13262724876403809
0.654930598	0.13262724876403809
0.654503645	0.13262724876403809
0.6538598680000001	0.13262724876403809
0.653535302	0.13262724876403809
0.653398631	0.13262724876403809
0.653211726	0.13262724876403809
0.6531779649999999	0.13262724876403809
0.653061492	0.13262724876403809
0.6532825059999999	0.13262724876403809
0.653412542	0.13262724876403809
0.653619063	0.13262724876403809
0.653793337	0.13262724876403809
0.653507945	0.13262724876403809
0.6532050899999999	0.13262724876403809
0.652768125	0.13262724876403809
0.652266317	0.13262724876403809
0.651584065	0.13262724876403809
0.6509558879999999	0.13262724876403809
0.650492031	0.13262724876403809
0.653359166	0.13262724876403809
0.6537276200000001	0.13262724876403809
0.653891533	0.13262724876403809
0.65386272	0.13262724876403809
0.653881172	0.13262724876403809
0.6539842	0.13262724876403809
0.654000847	0.13262724876403809
0.6538685409999999	0.13262724876403809
0.653725758	0.13262724876403809
0.653756724	0.13262724876403809
0.653718016	0.13262724876403809
0.653705793	0.13262724876403809
0.653681229	0.13262724876403809
0.6536633009999999	0.13262724876403809
0.653677387	0.13262724876403809
0.6537669110000001	0.13262724876403809
0.6538101590000001	0.13262724876403809
0.6538149320000001	0.13262724876403809
0.6538960149999999	0.13262724876403809
0.654046657	0.13262724876403809
0.654219533	0.13262724876403809
0.654257892	0.13262724876403809
0.654124306	0.13262724876403809
0.653928553	0.13262724876403809
0.6537874579999999	0.13262724876403809
0.6536946170000001	0.13262724876403809
0.653563126	0.13262724876403809
0.653517898	0.13262724876403809
0.653620635	0.13262724876403809
0.653722615	0.13262724876403809
0.653864292	0.13262724876403809
0.653912604	0.13262724876403809
0.653973548	0.13262724876403809
0.654002244	0.13262724876403809
0.65401016	0.13262724876403809
0.6540181350000001	0.13262724876403809
0.653978728	0.13262724876403809
0.6539600440000001	0.13262724876403809
0.653905096	0.13262724876403809
0.653874362	0.13262724876403809
0.6538437450000001	0.13262724876403809
0.653807656	0.13262724876403809
0.653814001	0.13262724876403809
0.65378932	0.13262724876403809
0.6537905430000001	0.13262724876403809
0.653794676	0.13262724876403809
0.653815747	0.13262724876403809
0.6538149320000001	0.13262724876403809
0.653809751	0.13262724876403809
0.653877622	0.13262724876403809
0.653825526	0.13262724876403809
0.653813069	0.13262724876403809
0.6537610899999999	0.13262724876403809
0.653720926	0.13262724876403809
0.6536457800000001	0.13262724876403809
0.653576106	0.13262724876403809
0.653521332	0.13262724876403809
0.653397758	0.13262724876403809
0.6533475830000001	0.13262724876403809
0.653330062	0.13262724876403809
0.6533578849999999	0.13262724876403809
0.653408526	0.13262724876403809
0.653478259	0.13262724876403809
0.653536117	0.13262724876403809
0.65358443	0.13262724876403809
0.653617142	0.13262724876403809
0.653592928	0.13262724876403809
0.653601834	0.13262724876403809
0.653554802	0.13262724876403809
0.653493102	0.13262724876403809
0.6534978170000001	0.13262724876403809
0.653506024	0.13262724876403809
0.653541007	0.13262724876403809
0.653531635	0.13262724876403809
0.653559633	0.13262724876403809
0.653635827	0.13262724876403809
0.653704221	0.13262724876403809
0.653769937	0.13262724876403809
0.6538023589999999	0.13262724876403809
0.653785886	0.13262724876403809
0.653692405	0.13262724876403809
0.653685478	0.13262724876403809
0.653649971	0.13262724876403809
0.653503812	0.13262724876403809
0.653382973	0.13262724876403809
0.6532894330000001	0.13262724876403809
0.653390191	0.13262724876403809
0.653496361	0.13262724876403809
0.6536244179999999	0.13262724876403809
0.65380946	0.13262724876403809
0.654034724	0.13262724876403809
0.654233794	0.13262724876403809
0.654291536	0.13262724876403809
0.654232746	0.13262724876403809
0.654175004	0.13262724876403809
0.654110976	0.13262724876403809
0.6540333850000001	0.13262724876403809
0.653907715	0.13262724876403809
0.653793104	0.13262724876403809
0.653745432	0.13262724876403809
0.65380946	0.13262724876403809
0.6538765740000001	0.13262724876403809
0.6539642929999999	0.13262724876403809
0.654049858	0.13262724876403809
0.6541175530000001	0.13262724876403809
0.65420178	0.13262724876403809
0.654218544	0.13262724876403809
0.6542372870000001	0.13262724876403809
0.654219184	0.13262724876403809
0.654213829	0.13262724876403809
0.654217904	0.13262724876403809
0.654158532	0.13262724876403809
0.654095609	0.13262724876403809
0.654046657	0.13262724876403809
0.654075178	0.13262724876403809
0.654047995	0.13262724876403809
0.65403519	0.13262724876403809
0.654037693	0.13262724876403809
0.6541478799999999	0.13262724876403809
0.654292351	0.13262724876403809
0.654539268	0.13262724876403809
0.654487987	0.13262724876403809
0.654218544	0.13262724876403809
0.653937692	0.13262724876403809
0.653957832	0.13262724876403809
0.654045027	0.13262724876403809
0.653977448	0.13262724876403809
0.653883151	0.13262724876403809
0.654006726	0.13262724876403809
0.654060801	0.13262724876403809
0.654133095	0.13262724876403809
0.654174597	0.13262724876403809
0.6540396719999999	0.13262724876403809
0.654077507	0.13262724876403809
0.6542669139999999	0.13262724876403809
0.6541651089999999	0.13262724876403809
0.654033502	0.13262724876403809
0.65400009	0.13262724876403809
0.6541161569999999	0.13262724876403809
0.654220232	0.13262724876403809
0.654123782	0.13262724876403809
0.654023956	0.13262724876403809
0.654027448	0.13262724876403809
0.654037343	0.13262724876403809
0.654060976	0.13262724876403809
0.654087227	0.13262724876403809
0.6540837349999999	0.13262724876403809
0.654166855	0.13262724876403809
0.654285133	0.13262724876403809
0.654249161	0.13262724876403809
0.654129952	0.13262724876403809
0.654066505	0.13262724876403809
0.6540718600000001	0.13262724876403809
0.654071511	0.13262724876403809
0.65396179	0.13262724876403809
0.653828203	0.13262724876403809
0.653770578	0.13262724876403809
0.6537881560000001	0.13262724876403809
0.653808529	0.13262724876403809
0.6538622550000001	0.13262724876403809
0.653880357	0.13262724876403809
0.653924479	0.13262724876403809
0.654057483	0.13262724876403809
0.654133968	0.13262724876403809
0.6541117329999999	0.13262724876403809
0.654073257	0.13262724876403809
0.654058356	0.13262724876403809
0.6540007889999999	0.13262724876403809
0.653877622	0.13262724876403809
0.653754803	0.13262724876403809
0.653755094	0.13262724876403809
0.65380329	0.13262724876403809
0.653855095	0.13262724876403809
0.653935014	0.13262724876403809
0.6539322790000001	0.13262724876403809
0.653966854	0.13262724876403809
0.6540495669999999	0.13262724876403809
0.654147763	0.13262724876403809
0.6541680200000001	0.13262724876403809
0.654159405	0.13262724876403809
0.654186297	0.13262724876403809
0.654135947	0.13262724876403809
0.654018542	0.13262724876403809
0.653885654	0.13262724876403809
0.653798867	0.13262724876403809
0.653776748	0.13262724876403809
0.653762545	0.13262724876403809
0.653802708	0.13262724876403809
0.653836236	0.13262724876403809
0.6539081809999999	0.13262724876403809
0.653967378	0.13262724876403809
0.65400009	0.13262724876403809
0.6539967729999999	0.13262724876403809
0.653946714	0.13262724876403809
0.653918192	0.13262724876403809
0.653857307	0.13262724876403809
0.653811439	0.13262724876403809
0.653793744	0.13262724876403809
0.653823488	0.13262724876403809
0.653836702	0.13262724876403809
0.653871859	0.13262724876403809
0.6539254099999999	0.13262724876403809
0.6540035249999999	0.13262724876403809
0.6540580069999999	0.13262724876403809
0.654085539	0.13262724876403809
0.654083211	0.13262724876403809
0.654053874	0.13262724876403809
0.654022268	0.13262724876403809
0.6539765160000001	0.13262724876403809
0.653967785	0.13262724876403809
0.653965573	0.13262724876403809
Power (dBm)
28.159988572285176