Power (mW)	Time (sek)
0.646779779	0.13637304306030273
0.646726927	0.13637304306030273
0.646755972	0.13637304306030273
0.646747241	0.13637304306030273
0.646795554	0.13637304306030273
0.646799745	0.13637304306030273
0.646852714	0.13637304306030273
0.646948349	0.13637304306030273
0.647018314	0.13637304306030273
0.647080073	0.13637304306030273
0.647132401	0.13637304306030273
0.647121284	0.13637304306030273
0.64717693	0.13637304306030273
0.647206441	0.13637304306030273
0.64717338	0.13637304306030273
0.647176232	0.13637304306030273
0.647152017	0.13637304306030273
0.647158478	0.13637304306030273
0.647158828	0.13637304306030273
0.6471904930000001	0.13637304306030273
0.647170178	0.13637304306030273
0.6471186059999999	0.13637304306030273
0.6471633680000001	0.13637304306030273
0.647136883	0.13637304306030273
0.647063775	0.13637304306030273
0.6470442750000001	0.13637304306030273
0.646967383	0.13637304306030273
0.646917964	0.13637304306030273
0.646820758	0.13637304306030273
0.64679241	0.13637304306030273
0.646706903	0.13637304306030273
0.646642875	0.13637304306030273
0.646624016	0.13637304306030273
0.646560628	0.13637304306030273
0.646463712	0.13637304306030273
0.64637023	0.13637304306030273
0.646341708	0.13637304306030273
0.646347238	0.13637304306030273
0.646372442	0.13637304306030273
0.646431406	0.13637304306030273
0.646485132	0.13637304306030273
0.646577391	0.13637304306030273
0.646642584	0.13637304306030273
0.646721805	0.13637304306030273
0.6467563799999999	0.13637304306030273
0.646801491	0.13637304306030273
0.646844157	0.13637304306030273
0.646827277	0.13637304306030273
0.646885426	0.13637304306030273
0.646945089	0.13637304306030273
0.646957313	0.13637304306030273
0.646993052	0.13637304306030273
0.647019304	0.13637304306030273
0.6470056829999999	0.13637304306030273
0.646937347	0.13637304306030273
0.646848115	0.13637304306030273
0.6467917120000001	0.13637304306030273
0.646769418	0.13637304306030273
0.646658766	0.13637304306030273
0.6466273920000001	0.13637304306030273
0.646549917	0.13637304306030273
0.6464169710000001	0.13637304306030273
0.646302709	0.13637304306030273
0.646186701	0.13637304306030273
0.646090659	0.13637304306030273
0.645951834	0.13637304306030273
0.64590032	0.13637304306030273
0.645905733	0.13637304306030273
0.645515043	0.13637304306030273
0.6466762279999999	0.13637304306030273
0.647533219	0.13637304306030273
0.648461981	0.13637304306030273
0.648731715	0.13637304306030273
0.6489518559999999	0.13637304306030273
0.6485600610000001	0.13637304306030273
0.647905807	0.13637304306030273
0.6469715739999999	0.13637304306030273
0.64544857	0.13637304306030273
0.6434596140000001	0.13637304306030273
0.643773878	0.13637304306030273
0.643806707	0.13637304306030273
0.643818523	0.13637304306030273
0.643907464	0.13637304306030273
0.64414792	0.13637304306030273
0.6441613660000001	0.13637304306030273
0.644323765	0.13637304306030273
0.644573011	0.13637304306030273
0.6447961790000001	0.13637304306030273
0.644781278	0.13637304306030273
0.6445834300000001	0.13637304306030273
0.644423591	0.13637304306030273
0.644253159	0.13637304306030273
0.644136104	0.13637304306030273
0.644018874	0.13637304306030273
0.644015323	0.13637304306030273
0.6440746949999999	0.13637304306030273
0.644249027	0.13637304306030273
0.644508516	0.13637304306030273
0.644667132	0.13637304306030273
0.6447139890000001	0.13637304306030273
0.644639949	0.13637304306030273
0.644512707	0.13637304306030273
0.644270272	0.13637304306030273
0.644140528	0.13637304306030273
0.6440490249999999	0.13637304306030273
0.644095067	0.13637304306030273
0.6441617150000001	0.13637304306030273
0.6442574670000001	0.13637304306030273
0.644424872	0.13637304306030273
0.6445443719999999	0.13637304306030273
0.6447632910000001	0.13637304306030273
0.644965679	0.13637304306030273
0.645166787	0.13637304306030273
0.645376975	0.13637304306030273
0.645520224	0.13637304306030273
0.645457359	0.13637304306030273
0.645357242	0.13637304306030273
0.645311142	0.13637304306030273
0.645222201	0.13637304306030273
0.645130349	0.13637304306030273
0.645000779	0.13637304306030273
0.64494973	0.13637304306030273
0.6449468780000001	0.13637304306030273
0.645000488	0.13637304306030273
0.645037973	0.13637304306030273
0.64528425	0.13637304306030273
0.645248743	0.13637304306030273
0.645084074	0.13637304306030273
0.644829357	0.13637304306030273
0.644523068	0.13637304306030273
0.6442752780000001	0.13637304306030273
0.644190703	0.13637304306030273
0.644161482	0.13637304306030273
0.644132379	0.13637304306030273
0.644186803	0.13637304306030273
0.644223124	0.13637304306030273
0.6440425639999999	0.13637304306030273
0.64394233	0.13637304306030273
0.6438954729999999	0.13637304306030273
0.643873005	0.13637304306030273
0.6438846469999999	0.13637304306030273
0.644128944	0.13637304306030273
0.64459577	0.13637304306030273
0.644868123	0.13637304306030273
0.6452093950000001	0.13637304306030273
0.64567331	0.13637304306030273
0.645884313	0.13637304306030273
0.645777734	0.13637304306030273
0.645611144	0.13637304306030273
0.645278196	0.13637304306030273
0.645088847	0.13637304306030273
0.644875632	0.13637304306030273
0.644766202	0.13637304306030273
0.6447423369999999	0.13637304306030273
0.644870335	0.13637304306030273
0.6449258649999999	0.13637304306030273
0.644848391	0.13637304306030273
0.644790649	0.13637304306030273
0.6445641630000001	0.13637304306030273
0.644183776	0.13637304306030273
0.644044077	0.13637304306030273
0.643921783	0.13637304306030273
0.643994834	0.13637304306030273
0.64395956	0.13637304306030273
0.643953274	0.13637304306030273
0.64390304	0.13637304306030273
0.643828011	0.13637304306030273
0.6438022250000001	0.13637304306030273
0.643881562	0.13637304306030273
0.6440514119999999	0.13637304306030273
0.644206186	0.13637304306030273
0.644372369	0.13637304306030273
0.644423009	0.13637304306030273
0.6446435	0.13637304306030273
0.644878135	0.13637304306030273
0.644221203	0.13637304306030273
0.644006301	0.13637304306030273
0.642296509	0.13637304306030273
0.643906184	0.13637304306030273
0.6447288320000001	0.13637304306030273
0.644465734	0.13637304306030273
0.645111664	0.13637304306030273
0.644509855	0.13637304306030273
0.64459024	0.13637304306030273
0.645447813	0.13637304306030273
0.645578664	0.13637304306030273
0.645449676	0.13637304306030273
0.64559927	0.13637304306030273
0.644682208	0.13637304306030273
0.643787498	0.13637304306030273
0.643816544	0.13637304306030273
0.644736458	0.13637304306030273
0.644867541	0.13637304306030273
0.6441549630000001	0.13637304306030273
0.643984007	0.13637304306030273
0.643696461	0.13637304306030273
0.643981737	0.13637304306030273
0.6448393689999999	0.13637304306030273
0.6447771449999999	0.13637304306030273
0.6444361639999999	0.13637304306030273
0.644626736	0.13637304306030273
0.644526328	0.13637304306030273
0.644399144	0.13637304306030273
0.644585525	0.13637304306030273
0.645084248	0.13637304306030273
0.644798216	0.13637304306030273
0.644295302	0.13637304306030273
0.644296641	0.13637304306030273
0.644479762	0.13637304306030273
0.644849439	0.13637304306030273
0.645458582	0.13637304306030273
0.645285996	0.13637304306030273
0.645199034	0.13637304306030273
0.6456048	0.13637304306030273
0.645890483	0.13637304306030273
0.64586557	0.13637304306030273
0.645830994	0.13637304306030273
0.645705732	0.13637304306030273
0.645026332	0.13637304306030273
0.644671789	0.13637304306030273
0.644720567	0.13637304306030273
0.644777552	0.13637304306030273
0.644822663	0.13637304306030273
0.644939835	0.13637304306030273
0.644891988	0.13637304306030273
0.644699961	0.13637304306030273
0.6449256910000001	0.13637304306030273
0.6453242969999999	0.13637304306030273
0.645231688	0.13637304306030273
0.644945365	0.13637304306030273
0.644609972	0.13637304306030273
0.644279644	0.13637304306030273
0.644128479	0.13637304306030273
0.644283253	0.13637304306030273
0.644603802	0.13637304306030273
0.644601532	0.13637304306030273
0.644468528	0.13637304306030273
0.6443456510000001	0.13637304306030273
0.6442019370000001	0.13637304306030273
0.644068583	0.13637304306030273
0.644408807	0.13637304306030273
0.644912652	0.13637304306030273
0.644965621	0.13637304306030273
0.644890475	0.13637304306030273
0.644879066	0.13637304306030273
0.644871325	0.13637304306030273
0.644903688	0.13637304306030273
0.6451619559999999	0.13637304306030273
0.645142514	0.13637304306030273
0.644720218	0.13637304306030273
0.6446182380000001	0.13637304306030273
0.644692511	0.13637304306030273
0.644836866	0.13637304306030273
0.645162247	0.13637304306030273
0.645728782	0.13637304306030273
0.646156142	0.13637304306030273
0.6460574800000001	0.13637304306030273
0.645811728	0.13637304306030273
0.6455535769999999	0.13637304306030273
0.645344611	0.13637304306030273
0.6448671340000001	0.13637304306030273
0.644188607	0.13637304306030273
0.643677253	0.13637304306030273
0.643581501	0.13637304306030273
0.643684994	0.13637304306030273
0.6441207369999999	0.13637304306030273
0.644527376	0.13637304306030273
0.644931162	0.13637304306030273
0.6452864620000001	0.13637304306030273
0.645587977	0.13637304306030273
0.645703636	0.13637304306030273
0.645820983	0.13637304306030273
0.645830063	0.13637304306030273
0.645683962	0.13637304306030273
0.645354681	0.13637304306030273
0.644903164	0.13637304306030273
0.6445620089999999	0.13637304306030273
0.64438337	0.13637304306030273
0.644357526	0.13637304306030273
0.6443345340000001	0.13637304306030273
0.64440741	0.13637304306030273
0.6446306940000001	0.13637304306030273
0.645129301	0.13637304306030273
0.6455890830000001	0.13637304306030273
0.645846885	0.13637304306030273
0.646054745	0.13637304306030273
0.646081229	0.13637304306030273
0.645907247	0.13637304306030273
0.6455315159999999	0.13637304306030273
0.645020104	0.13637304306030273
0.644771964	0.13637304306030273
0.644633779	0.13637304306030273
0.644609914	0.13637304306030273
0.64458471	0.13637304306030273
0.644487969	0.13637304306030273
0.6446787740000001	0.13637304306030273
0.644981104	0.13637304306030273
0.645250082	0.13637304306030273
0.6452789529999999	0.13637304306030273
0.645208056	0.13637304306030273
Power (dBm)
28.097416907269164