Power (mW)	Time (sek)
0.647647306	0.13527512550354004
0.647894165	0.13527512550354004
0.64800476	0.13527512550354004
0.648145622	0.13527512550354004
0.648124958	0.13527512550354004
0.648169778	0.13527512550354004
0.6480028969999999	0.13527512550354004
0.647897134	0.13527512550354004
0.64763776	0.13527512550354004
0.6471673840000001	0.13527512550354004
0.646959525	0.13527512550354004
0.647034321	0.13527512550354004
0.647191075	0.13527512550354004
0.6473885730000001	0.13527512550354004
0.647766923	0.13527512550354004
0.6480879380000001	0.13527512550354004
0.648206333	0.13527512550354004
0.648219138	0.13527512550354004
0.648249581	0.13527512550354004
0.648131361	0.13527512550354004
0.6479515	0.13527512550354004
0.647650333	0.13527512550354004
0.6472390960000001	0.13527512550354004
0.6468710489999999	0.13527512550354004
0.6467732599999999	0.13527512550354004
0.646861095	0.13527512550354004
0.6469246	0.13527512550354004
0.647042005	0.13527512550354004
0.64743968	0.13527512550354004
0.647733686	0.13527512550354004
0.647996145	0.13527512550354004
0.648124609	0.13527512550354004
0.648228743	0.13527512550354004
0.648080138	0.13527512550354004
0.647958019	0.13527512550354004
0.6477543499999999	0.13527512550354004
0.647551322	0.13527512550354004
0.64743706	0.13527512550354004
0.647317967	0.13527512550354004
0.64727955	0.13527512550354004
0.6473150569999999	0.13527512550354004
0.647322158	0.13527512550354004
0.647281122	0.13527512550354004
0.64839219	0.13527512550354004
0.6495199049999999	0.13527512550354004
0.6501423780000001	0.13527512550354004
0.649888767	0.13527512550354004
0.650056987	0.13527512550354004
0.649998896	0.13527512550354004
0.649793888	0.13527512550354004
0.6493018589999999	0.13527512550354004
0.648917106	0.13527512550354004
0.647968263	0.13527512550354004
0.646835659	0.13527512550354004
0.645299733	0.13527512550354004
0.641681603	0.13527512550354004
0.643286447	0.13527512550354004
0.643197272	0.13527512550354004
0.6436053079999999	0.13527512550354004
0.643933425	0.13527512550354004
0.644124404	0.13527512550354004
0.644537155	0.13527512550354004
0.64512156	0.13527512550354004
0.645894965	0.13527512550354004
0.646407541	0.13527512550354004
0.646462257	0.13527512550354004
0.646258413	0.13527512550354004
0.646133849	0.13527512550354004
0.646062428	0.13527512550354004
0.6459146969999999	0.13527512550354004
0.645979482	0.13527512550354004
0.6459608560000001	0.13527512550354004
0.64599677	0.13527512550354004
0.64606528	0.13527512550354004
0.64625073	0.13527512550354004
0.646259286	0.13527512550354004
0.646345317	0.13527512550354004
0.646394328	0.13527512550354004
0.6463091700000001	0.13527512550354004
0.646147411	0.13527512550354004
0.645836466	0.13527512550354004
0.645742577	0.13527512550354004
0.645554683	0.13527512550354004
0.645462889	0.13527512550354004
0.645496591	0.13527512550354004
0.645572494	0.13527512550354004
0.645724591	0.13527512550354004
0.645863649	0.13527512550354004
0.646078028	0.13527512550354004
0.646215922	0.13527512550354004
0.646301138	0.13527512550354004
0.6463817550000001	0.13527512550354004
0.646427739	0.13527512550354004
0.646384957	0.13527512550354004
0.646175526	0.13527512550354004
0.646098866	0.13527512550354004
0.645947584	0.13527512550354004
0.645830994	0.13527512550354004
0.645810738	0.13527512550354004
0.64576912	0.13527512550354004
0.64575841	0.13527512550354004
0.6458106220000001	0.13527512550354004
0.645989028	0.13527512550354004
0.645974069	0.13527512550354004
0.6461180160000001	0.13527512550354004
0.6462326860000001	0.13527512550354004
0.646211207	0.13527512550354004
0.646035711	0.13527512550354004
0.645797234	0.13527512550354004
0.6457939739999999	0.13527512550354004
0.645670923	0.13527512550354004
0.645683205	0.13527512550354004
0.645717431	0.13527512550354004
0.645640073	0.13527512550354004
0.645601831	0.13527512550354004
0.645547756	0.13527512550354004
0.645577966	0.13527512550354004
0.6455018299999999	0.13527512550354004
0.645530061	0.13527512550354004
0.645591179	0.13527512550354004
0.645638793	0.13527512550354004
0.645669177	0.13527512550354004
0.645759108	0.13527512550354004
0.645917607	0.13527512550354004
0.6460273289999999	0.13527512550354004
0.646221975	0.13527512550354004
0.646305212	0.13527512550354004
0.646189961	0.13527512550354004
0.646082219	0.13527512550354004
0.645922089	0.13527512550354004
0.6457872809999999	0.13527512550354004
0.645654509	0.13527512550354004
0.645535009	0.13527512550354004
0.645514112	0.13527512550354004
0.645562541	0.13527512550354004
0.645664171	0.13527512550354004
0.645785825	0.13527512550354004
0.6459056750000001	0.13527512550354004
0.646046072	0.13527512550354004
0.646207482	0.13527512550354004
0.6462677849999999	0.13527512550354004
0.6461980519999999	0.13527512550354004
0.6461219159999999	0.13527512550354004
0.6460514850000001	0.13527512550354004
0.645979482	0.13527512550354004
0.6458626590000001	0.13527512550354004
0.645776105	0.13527512550354004
0.6456550329999999	0.13527512550354004
0.6455836119999999	0.13527512550354004
0.645525579	0.13527512550354004
0.6455505500000001	0.13527512550354004
0.645641587	0.13527512550354004
0.645774184	0.13527512550354004
0.645917607	0.13527512550354004
0.646015746	0.13527512550354004
0.6460344299999999	0.13527512550354004
0.6460380969999999	0.13527512550354004
0.646049797	0.13527512550354004
0.646027736	0.13527512550354004
0.645872031	0.13527512550354004
0.645664171	0.13527512550354004
0.6454928080000001	0.13527512550354004
0.6455424009999999	0.13527512550354004
0.645769062	0.13527512550354004
0.646052184	0.13527512550354004
0.646232336	0.13527512550354004
0.646355271	0.13527512550354004
0.646397239	0.13527512550354004
0.646568951	0.13527512550354004
0.646536006	0.13527512550354004
0.646347005	0.13527512550354004
0.646092521	0.13527512550354004
0.6457886780000001	0.13527512550354004
0.64546417	0.13527512550354004
0.645085063	0.13527512550354004
0.645008637	0.13527512550354004
0.645215216	0.13527512550354004
0.6454913529999999	0.13527512550354004
0.645684195	0.13527512550354004
0.6458561979999999	0.13527512550354004
0.64604776	0.13527512550354004
0.646242581	0.13527512550354004
0.646251661	0.13527512550354004
0.646131986	0.13527512550354004
0.646022207	0.13527512550354004
0.645899796	0.13527512550354004
0.645747175	0.13527512550354004
0.645629829	0.13527512550354004
0.645459455	0.13527512550354004
0.6453777310000001	0.13527512550354004
0.645480468	0.13527512550354004
0.645638385	0.13527512550354004
0.645771215	0.13527512550354004
0.6459231369999999	0.13527512550354004
0.646108121	0.13527512550354004
0.646296656	0.13527512550354004
0.646370114	0.13527512550354004
0.646236178	0.13527512550354004
0.646245608	0.13527512550354004
0.646272616	0.13527512550354004
0.6462116729999999	0.13527512550354004
0.646125758	0.13527512550354004
0.646050205	0.13527512550354004
0.64609648	0.13527512550354004
0.646164641	0.13527512550354004
0.6460706940000001	0.13527512550354004
0.645969063	0.13527512550354004
0.645994034	0.13527512550354004
0.6460570149999999	0.13527512550354004
0.6461123700000001	0.13527512550354004
0.6460406	0.13527512550354004
0.646004162	0.13527512550354004
0.6461092270000001	0.13527512550354004
0.646224304	0.13527512550354004
0.646221335	0.13527512550354004
0.646234665	0.13527512550354004
0.646263303	0.13527512550354004
0.646364293	0.13527512550354004
0.646362372	0.13527512550354004
0.646293629	0.13527512550354004
0.646298518	0.13527512550354004
0.6463323950000001	0.13527512550354004
0.646347879	0.13527512550354004
0.64635335	0.13527512550354004
0.6462471790000001	0.13527512550354004
0.646222848	0.13527512550354004
0.6462471790000001	0.13527512550354004
0.646203873	0.13527512550354004
0.6461541630000001	0.13527512550354004
0.646201661	0.13527512550354004
0.646262546	0.13527512550354004
0.6463326859999999	0.13527512550354004
0.6463279129999999	0.13527512550354004
0.6462783790000001	0.13527512550354004
0.646223722	0.13527512550354004
0.6461532320000001	0.13527512550354004
0.646096945	0.13527512550354004
0.6459407739999999	0.13527512550354004
0.6458581769999999	0.13527512550354004
0.645961496	0.13527512550354004
0.646065921	0.13527512550354004
0.646266504	0.13527512550354004
0.6463906030000001	0.13527512550354004
0.6465340270000001	0.13527512550354004
0.646696892	0.13527512550354004
0.646753004	0.13527512550354004
0.6465958430000001	0.13527512550354004
0.6463853060000001	0.13527512550354004
0.646167086	0.13527512550354004
0.645968597	0.13527512550354004
0.645824533	0.13527512550354004
0.645550026	0.13527512550354004
0.645260443	0.13527512550354004
0.645292632	0.13527512550354004
0.645618944	0.13527512550354004
0.64601656	0.13527512550354004
0.646232103	0.13527512550354004
0.6463888569999999	0.13527512550354004
0.646494504	0.13527512550354004
0.64646214	0.13527512550354004
0.646336935	0.13527512550354004
0.646104221	0.13527512550354004
0.645908818	0.13527512550354004
0.6457493870000001	0.13527512550354004
0.6455957189999999	0.13527512550354004
0.645484426	0.13527512550354004
0.6454974649999999	0.13527512550354004
0.645708118	0.13527512550354004
0.645865279	0.13527512550354004
0.645970169	0.13527512550354004
0.646052125	0.13527512550354004
0.646126166	0.13527512550354004
0.646080589	0.13527512550354004
0.6460334990000001	0.13527512550354004
0.645953754	0.13527512550354004
0.645917899	0.13527512550354004
0.645945373	0.13527512550354004
0.645989669	0.13527512550354004
0.646031287	0.13527512550354004
0.6460746519999999	0.13527512550354004
0.646155444	0.13527512550354004
0.646148634	0.13527512550354004
0.6461556770000001	0.13527512550354004
0.646148168	0.13527512550354004
0.646125816	0.13527512550354004
0.646086643	0.13527512550354004
0.646028901	0.13527512550354004
0.645978085	0.13527512550354004
0.645978027	0.13527512550354004
0.646009576	0.13527512550354004
0.646040775	0.13527512550354004
0.646121276	0.13527512550354004
0.646192697	0.13527512550354004
0.6463876930000001	0.13527512550354004
0.6465540500000001	0.13527512550354004
0.6464950859999999	0.13527512550354004
0.646347762	0.13527512550354004
0.64624229	0.13527512550354004
0.6461457820000001	0.13527512550354004
0.646001543	0.13527512550354004
Power (dBm)
28.10424857280139