Power (mW)	Time (sek)
0.651415496	0.11368751525878906
0.651383249	0.11368751525878906
0.6513364500000001	0.11368751525878906
0.651348499	0.11368751525878906
0.651277311	0.11368751525878906
0.6512476829999999	0.11368751525878906
0.651128241	0.11368751525878906
0.651037612	0.11368751525878906
0.650974456	0.11368751525878906
0.65100193	0.11368751525878906
0.65102597	0.11368751525878906
0.651134644	0.11368751525878906
0.651231559	0.11368751525878906
0.651275215	0.11368751525878906
0.651324634	0.11368751525878906
0.651329756	0.11368751525878906
0.651363865	0.11368751525878906
0.6513445409999999	0.11368751525878906
0.651322596	0.11368751525878906
0.6512566470000001	0.11368751525878906
0.651198556	0.11368751525878906
0.651139067	0.11368751525878906
0.651165028	0.11368751525878906
0.651222945	0.11368751525878906
0.651282899	0.11368751525878906
0.651322363	0.11368751525878906
0.651283131	0.11368751525878906
0.651263166	0.11368751525878906
0.651237671	0.11368751525878906
0.651251234	0.11368751525878906
0.651202688	0.11368751525878906
0.6511860410000001	0.11368751525878906
0.651146052	0.11368751525878906
0.651166658	0.11368751525878906
0.651184062	0.11368751525878906
0.65120717	0.11368751525878906
0.6512632829999999	0.11368751525878906
0.651293958	0.11368751525878906
0.6513238189999999	0.11368751525878906
0.6512220129999999	0.11368751525878906
0.6511844109999999	0.11368751525878906
0.651139882	0.11368751525878906
0.6510986710000001	0.11368751525878906
0.6509619419999999	0.11368751525878906
0.6508337099999999	0.11368751525878906
0.650727481	0.11368751525878906
0.650720962	0.11368751525878906
0.650803326	0.11368751525878906
0.650850008	0.11368751525878906
0.650908099	0.11368751525878906
0.6509555389999999	0.11368751525878906
0.651084527	0.11368751525878906
0.6511899409999999	0.11368751525878906
0.651280454	0.11368751525878906
0.651335169	0.11368751525878906
0.6513363910000001	0.11368751525878906
0.651402399	0.11368751525878906
0.651443726	0.11368751525878906
0.651476323	0.11368751525878906
0.651445647	0.11368751525878906
0.6513916310000001	0.11368751525878906
0.651327136	0.11368751525878906
0.651289767	0.11368751525878906
0.6512140970000001	0.11368751525878906
0.651185343	0.11368751525878906
0.651210663	0.11368751525878906
0.651289418	0.11368751525878906
0.651321607	0.11368751525878906
0.6513671249999999	0.11368751525878906
0.651404262	0.11368751525878906
0.651457231	0.11368751525878906
0.651478535	0.11368751525878906
0.6513884870000001	0.11368751525878906
0.651320384	0.11368751525878906
0.651247159	0.11368751525878906
0.651192793	0.11368751525878906
0.651057926	0.11368751525878906
0.650929171	0.11368751525878906
0.6508340589999999	0.11368751525878906
0.651910261	0.11368751525878906
0.6520427999999999	0.11368751525878906
0.652107643	0.11368751525878906
0.652238727	0.11368751525878906
0.652349729	0.11368751525878906
0.652329822	0.11368751525878906
0.652064336	0.11368751525878906
0.651567709	0.11368751525878906
0.65109838	0.11368751525878906
0.65074407	0.11368751525878906
0.65035274	0.11368751525878906
0.649897556	0.11368751525878906
0.649264432	0.11368751525878906
0.648428686	0.11368751525878906
0.647686829	0.11368751525878906
0.647007604	0.11368751525878906
0.6465984619999999	0.11368751525878906
0.6460971200000001	0.11368751525878906
0.6457417040000001	0.11368751525878906
0.6454836110000001	0.11368751525878906
0.645168941	0.11368751525878906
0.6449869250000001	0.11368751525878906
0.644895015	0.11368751525878906
0.644753454	0.11368751525878906
0.644273299	0.11368751525878906
0.644076441	0.11368751525878906
0.644040003	0.11368751525878906
0.644027023	0.11368751525878906
0.6441639849999999	0.11368751525878906
0.644186977	0.11368751525878906
0.6442351150000001	0.11368751525878906
0.644590647	0.11368751525878906
0.645916676	0.11368751525878906
0.648685265	0.11368751525878906
0.6505359780000001	0.11368751525878906
0.651756185	0.11368751525878906
0.651938841	0.11368751525878906
0.652041286	0.11368751525878906
0.65202167	0.11368751525878906
0.652061251	0.11368751525878906
0.652121147	0.11368751525878906
0.652184477	0.11368751525878906
0.652264745	0.11368751525878906
0.652331684	0.11368751525878906
0.652415038	0.11368751525878906
0.652500545	0.11368751525878906
0.6526117210000001	0.11368751525878906
0.652712304	0.11368751525878906
0.652818533	0.11368751525878906
0.652845192	0.11368751525878906
0.652796356	0.11368751525878906
0.6527682419999999	0.11368751525878906
0.6526762150000001	0.11368751525878906
0.652510615	0.11368751525878906
0.652359682	0.11368751525878906
0.6522322660000001	0.11368751525878906
0.6521764440000001	0.11368751525878906
0.652157294	0.11368751525878906
0.65215322	0.11368751525878906
0.652160321	0.11368751525878906
0.652186747	0.11368751525878906
0.652219111	0.11368751525878906
0.652238261	0.11368751525878906
0.652217423	0.11368751525878906
0.652188552	0.11368751525878906
0.65214379	0.11368751525878906
0.6520817409999999	0.11368751525878906
0.652019808	0.11368751525878906
0.6519535089999999	0.11368751525878906
0.651886803	0.11368751525878906
0.65187877	0.11368751525878906
0.651905022	0.11368751525878906
0.6519877350000001	0.11368751525878906
0.6520837199999999	0.11368751525878906
0.65221783	0.11368751525878906
0.6523455380000001	0.11368751525878906
0.6524404739999999	0.11368751525878906
0.6524801139999999	0.11368751525878906
0.652495946	0.11368751525878906
0.6524882630000001	0.11368751525878906
0.6524981	0.11368751525878906
0.652504386	0.11368751525878906
0.652453979	0.11368751525878906
0.652421033	0.11368751525878906
0.652418006	0.11368751525878906
0.65236399	0.11368751525878906
0.652395654	0.11368751525878906
0.6524525229999999	0.11368751525878906
0.652525399	0.11368751525878906
0.652526738	0.11368751525878906
0.652599439	0.11368751525878906
0.652553514	0.11368751525878906
0.652499672	0.11368751525878906
0.6523478659999999	0.11368751525878906
0.652178307	0.11368751525878906
0.651999551	0.11368751525878906
0.651790702	0.11368751525878906
0.651748502	0.11368751525878906
0.651759736	0.11368751525878906
0.6518155569999999	0.11368751525878906
0.6519085729999999	0.11368751525878906
0.652041519	0.11368751525878906
0.652175804	0.11368751525878906
0.652297225	0.11368751525878906
0.652350078	0.11368751525878906
0.652407878	0.11368751525878906
0.6524408819999999	0.11368751525878906
0.652463583	0.11368751525878906
0.652481918	0.11368751525878906
0.652463874	0.11368751525878906
0.652452116	0.11368751525878906
0.652409857	0.11368751525878906
0.6524103809999999	0.11368751525878906
0.652390125	0.11368751525878906
0.65238768	0.11368751525878906
0.652443152	0.11368751525878906
0.65253675	0.11368751525878906
0.652584422	0.11368751525878906
0.652588671	0.11368751525878906
0.65258611	0.11368751525878906
0.652539253	0.11368751525878906
0.652469287	0.11368751525878906
0.652357063	0.11368751525878906
0.6522322070000001	0.11368751525878906
0.652075338	0.11368751525878906
0.65198855	0.11368751525878906
0.651896524	0.11368751525878906
0.6517799919999999	0.11368751525878906
0.651683484	0.11368751525878906
0.651664799	0.11368751525878906
0.6516921569999999	0.11368751525878906
0.65176934	0.11368751525878906
0.651799492	0.11368751525878906
0.651867769	0.11368751525878906
0.651939772	0.11368751525878906
0.6520313910000001	0.11368751525878906
0.6520921599999999	0.11368751525878906
0.652136048	0.11368751525878906
0.652172777	0.11368751525878906
0.6521623	0.11368751525878906
0.652161369	0.11368751525878906
0.652163173	0.11368751525878906
0.652160321	0.11368751525878906
0.652234827	0.11368751525878906
0.6523242920000001	0.11368751525878906
0.652378134	0.11368751525878906
0.6524247	0.11368751525878906
0.6525022330000001	0.11368751525878906
0.652538962	0.11368751525878906
0.652581046	0.11368751525878906
0.652588089	0.11368751525878906
0.652485585	0.11368751525878906
0.652332325	0.11368751525878906
0.652222952	0.11368751525878906
0.652131683	0.11368751525878906
0.652043207	0.11368751525878906
0.6519437299999999	0.11368751525878906
0.651904382	0.11368751525878906
0.651890296	0.11368751525878906
0.651914801	0.11368751525878906
0.651941693	0.11368751525878906
0.651989249	0.11368751525878906
0.6520277240000001	0.11368751525878906
0.6520464669999999	0.11368751525878906
0.652030576	0.11368751525878906
0.651987037	0.11368751525878906
0.651959737	0.11368751525878906
0.651944662	0.11368751525878906
0.651935581	0.11368751525878906
0.65193238	0.11368751525878906
0.6519197489999999	0.11368751525878906
0.651926443	0.11368751525878906
0.6519954769999999	0.11368751525878906
0.652118411	0.11368751525878906
0.6521898899999999	0.11368751525878906
0.652318122	0.11368751525878906
0.652416958	0.11368751525878906
0.652534247	0.11368751525878906
0.6526176579999999	0.11368751525878906
0.6526397190000001	0.11368751525878906
0.6526397190000001	0.11368751525878906
0.652626331	0.11368751525878906
0.652588846	0.11368751525878906
0.652528077	0.11368751525878906
0.6524290660000001	0.11368751525878906
0.652364222	0.11368751525878906
0.6522934420000001	0.11368751525878906
0.652291987	0.11368751525878906
0.652268121	0.11368751525878906
0.652266259	0.11368751525878906
0.652257062	0.11368751525878906
0.6522279	0.11368751525878906
0.652241346	0.11368751525878906
0.652235642	0.11368751525878906
0.652205956	0.11368751525878906
0.652168586	0.11368751525878906
0.652134768	0.11368751525878906
0.6520609599999999	0.11368751525878906
0.651971146	0.11368751525878906
0.6519182349999999	0.11368751525878906
0.651858863	0.11368751525878906
0.651844835	0.11368751525878906
0.651851937	0.11368751525878906
0.6519014710000001	0.11368751525878906
0.6519276070000001	0.11368751525878906
0.652023009	0.11368751525878906
0.6521428	0.11368751525878906
0.652249262	0.11368751525878906
0.652350835	0.11368751525878906
0.652411312	0.11368751525878906
0.6524882630000001	0.11368751525878906
0.6525383210000001	0.11368751525878906
0.652539718	0.11368751525878906
0.652514864	0.11368751525878906
0.652447925	0.11368751525878906
0.6523844200000001	0.11368751525878906
0.6523784250000001	0.11368751525878906
0.6523674819999999	0.11368751525878906
0.652364281	0.11368751525878906
0.652384537	0.11368751525878906
0.652432267	0.11368751525878906
Power (dBm)
28.138823570732715