Power (mW)	Time (sek)
1.219582	0.0906
1.219903	0.1035
1.219100	0.1182
1.219421	0.1301
1.219903	0.1444
1.219903	0.1865
1.219582	0.2015
1.219742	0.2358
1.219100	0.2522
1.219421	0.2655
1.219421	0.2799
1.219582	0.2942
1.219903	0.3097
1.219261	0.3309
1.219582	0.3509
1.219100	0.3854
1.219903	0.4011
1.219421	0.4319
1.219582	0.4494
1.219421	0.4857
1.220224	0.4973
1.219261	0.5367
1.219421	0.5523
1.219421	0.5673
1.219100	0.5782
1.219742	0.5942
1.219742	0.6321
1.218940	0.6488
1.219582	0.6803
1.219582	0.6990
1.219261	0.7340
1.218940	0.7532
1.219261	0.7859
1.219421	0.7971
1.218618	0.8321
1.219421	0.8496
1.219421	0.8628
1.218779	0.8798
1.219582	0.8942
1.219903	0.9089
1.219421	0.9394
1.219261	0.9536
1.219100	0.9862
1.219742	1.0001
1.219421	1.0331
1.219421	1.0487
1.219100	1.0861
1.219742	1.1001
1.219100	1.1392
1.219261	1.1531
1.219903	1.1685
1.219261	1.1810
1.219582	1.1983
1.219582	1.2291
1.219582	1.2500
1.219582	1.2840
1.219742	1.2991
1.219261	1.3392
1.220063	1.3530
1.219421	1.3846
1.219100	1.4007
1.219261	1.4372
1.219261	1.4521
1.219421	1.4646
1.219261	1.4778
1.219100	1.4958
1.219261	1.5355
1.218618	1.5483
1.219742	1.5835
1.220224	1.5975
1.236603	1.6323
1.236282	1.6519
1.231946	1.6831
1.237406	1.6993
1.236282	1.7331
1.236764	1.7510
1.236924	1.7667
1.236924	1.7830
1.235800	1.7955
1.236442	1.8364
1.234194	1.8491
1.232910	1.8845
1.229377	1.8998
1.223275	1.9399
1.220063	1.9541
1.220224	1.9852
1.220063	1.9988
1.219742	2.0374
1.220063	2.0501
1.220063	2.0638
1.219582	2.0805
1.219742	2.0958
1.219100	2.1370
1.219903	2.1525
1.218940	2.1876
1.219903	2.2030
1.219100	2.2348
1.219421	2.2502
1.219261	2.2826
1.219261	2.2992
1.219261	2.3381
1.219100	2.3497
1.218940	2.3661
1.218618	2.3804
1.218940	2.3963
1.219582	2.4340
1.219421	2.4512
1.219100	2.4804
1.218618	2.5015
1.218779	2.5329
1.219100	2.5504
1.218940	2.5863
1.219421	2.5977
1.219100	2.6342
1.218940	2.6514
1.218940	2.6643
1.218779	2.6808
1.218779	2.6931
1.219100	2.7097
1.218779	2.7379
1.218940	2.7530
1.219100	2.7859
1.219100	2.8008
1.218618	2.8340
1.218618	2.8521
1.218618	2.8812
1.218458	2.9003
1.218779	2.9329
1.218458	2.9536
1.218779	2.9671
1.218779	2.9829
1.219261	2.9948
1.218297	3.0349
1.219100	3.0495
1.218137	3.0867
1.218618	3.0999
1.219261	3.1386
1.218458	3.1499
1.218458	3.1855
1.218618	3.1993
1.218779	3.2369
1.218618	3.2515
1.219261	3.2631
1.218779	3.2819
1.218940	3.2924
1.218940	3.3363
1.218618	3.3510
1.219100	3.3824
1.218940	3.4005
1.219100	3.4320
1.218940	3.4476
1.218458	3.4867
1.218618	3.5016
1.219582	3.5335
1.219100	3.5534
1.218137	3.5688
1.218779	3.5811
1.218137	3.5936
1.219100	3.6356
1.218940	3.6512
1.218940	3.6819
1.218940	3.6983
1.218458	3.7387
1.218940	3.7507
1.218618	3.7844
1.219100	3.8006
1.219742	3.8352
1.219100	3.8514
1.219261	3.8624
1.219100	3.8795
1.218779	3.8946
1.218297	3.9089
1.218458	3.9383
1.218618	3.9537
1.218779	3.9785
1.218779	3.9990
1.218458	4.0345
1.218940	4.0514
1.218779	4.0819
1.218137	4.1003
1.218458	4.1380
1.217976	4.1538
1.218779	4.1674
1.218618	4.1837
1.218940	4.1969
1.218618	4.2339
1.218618	4.2507
1.218779	4.2778
1.218618	4.3010
1.218940	4.3391
1.218779	4.3528
1.218779	4.3820
1.218458	4.4015
1.218618	4.4337
1.217815	4.4526
1.219100	4.4670
1.218779	4.4789
1.218940	4.4960
1.218779	4.5359
1.218618	4.5517
1.218297	4.5859
1.218618	4.5968
1.217976	4.6355
1.218779	4.6475
1.218779	4.6853
1.218137	4.7004
1.218618	4.7368
1.218458	4.7547
1.218458	4.7655
1.218458	4.7831
1.218618	4.7938
1.218297	4.8327
1.218779	4.8482
1.217815	4.8868
1.218458	4.8972
1.218458	4.9384
1.218297	4.9525
1.218458	4.9816
1.218458	5.0006
1.218940	5.0316
1.218137	5.0517
1.218779	5.0636
1.218618	5.0813
1.218458	5.0959
1.218618	5.1369
1.218297	5.1483
1.218458	5.1846
1.218458	5.2001
1.218458	5.2323
1.218297	5.2493
1.218779	5.2821
1.218618	5.3010
1.218779	5.3386
1.218458	5.3505
1.218940	5.3670
1.218458	5.3807
1.218618	5.3956
1.218458	5.4314
1.218940	5.4466
1.218618	5.4849
1.218458	5.5006
1.218779	5.5366
1.218618	5.5507
1.217815	5.5812
1.218458	5.6000
1.218458	5.6355
1.218779	5.6501
1.218458	5.6655
1.218618	5.6781
1.218779	5.6924
1.218297	5.7085
1.218137	5.7338
1.218458	5.7530
1.218297	5.7820
1.218297	5.7988
1.218940	5.8349
1.218940	5.8516
1.218137	5.8860
1.218137	5.8997
1.218618	5.9316
1.218137	5.9522
1.218458	5.9650
1.218297	5.9833
1.218297	5.9965
1.217976	6.0379
1.218458	6.0493
1.218618	6.0827
1.218618	6.0969
1.218458	6.1318
1.218137	6.1526
1.218618	6.1835
1.218297	6.1970
1.218618	6.2340
1.218618	6.2510
1.218297	6.2660
1.218779	6.2815
1.218297	6.2939
1.218779	6.3359
1.218779	6.3469
1.218297	6.3836
1.218297	6.4010
1.218458	6.4351
1.218940	6.4513
1.218137	6.4824
1.218458	6.4971
1.218779	6.5393
1.218137	6.5524
1.218618	6.5674
1.218779	6.5819
1.217976	6.5969
1.218458	6.6272
1.218297	6.6482
1.218779	6.6843
1.218618	6.6974
1.218618	6.7382
1.218618	6.7522
1.218458	6.7828
1.218779	6.7986
1.218618	6.8348
1.219261	6.8504

Mean Power (dBm):	0.8623
Mean Power (mW):	1.219625
