Power (mW)	Time (sek)
1.174942	0.0884
1.175263	0.1044
1.174942	0.1170
1.175102	0.1310
1.175423	0.1472
1.175423	0.1583
1.174781	0.1913
1.175263	0.2030
1.175263	0.2431
1.175102	0.2569
1.174781	0.2692
1.175102	0.2834
1.175102	0.2992
1.174781	0.3137
1.174942	0.3421
1.174781	0.3546
1.174942	0.3934
1.175102	0.4049
1.175102	0.4416
1.175423	0.4573
1.175423	0.4866
1.174139	0.5052
1.174781	0.5422
1.174942	0.5553
1.174942	0.5678
1.174460	0.5853
1.175102	0.5993
1.175102	0.6133
1.175102	0.6439
1.175102	0.6580
1.175263	0.6862
1.174620	0.7041
1.175423	0.7385
1.175263	0.7559
1.174942	0.7925
1.174942	0.8059
1.175423	0.8445
1.175263	0.8576
1.175423	0.8758
1.174620	0.8872
1.174781	0.9026
1.174942	0.9400
1.175423	0.9543
1.174942	0.9890
1.175423	1.0073
1.175102	1.0455
1.174139	1.0586
1.175102	1.0897
1.174620	1.1061
1.175263	1.1367
1.175263	1.1574
1.174942	1.1688
1.174942	1.1871
1.175102	1.2026
1.174781	1.2354
1.175102	1.2552
1.174942	1.2867
1.174781	1.3057
1.174620	1.3414
1.175423	1.3574
1.174781	1.3928
1.174942	1.4062
1.175102	1.4449
1.174781	1.4594
1.174942	1.4745
1.175102	1.4885
1.174781	1.5034
1.174942	1.5386
1.175102	1.5537
1.175744	1.5936
1.175423	1.6060
1.175423	1.6455
1.175102	1.6580
1.175102	1.6874
1.174942	1.7080
1.174781	1.7349
1.174942	1.7568
1.175102	1.7681
1.174460	1.7854
1.175423	1.8007
1.174942	1.8153
1.174781	1.8367
1.174299	1.8608
1.174942	1.8933
1.175263	1.9071
1.175423	1.9394
1.175584	1.9547
1.175263	1.9902
1.175423	2.0060
1.180562	2.0443
1.182649	2.0584
1.182007	2.0729
1.184094	2.0875
1.187466	2.1015
1.190678	2.1159
1.191320	2.1424
1.191802	2.1582
1.191802	2.1895
1.192284	2.2061
1.192605	2.2443
1.192605	2.2585
1.192926	2.2856
1.193087	2.3067
1.193408	2.3430
1.193247	2.3567
1.193247	2.3697
1.193408	2.3859
1.193890	2.3990
1.191320	2.4141
1.186824	2.4439
1.182328	2.4587
1.181686	2.4929
1.180722	2.5061
1.181043	2.5431
1.180562	2.5581
1.179759	2.5844
1.180080	2.6053
1.178795	2.6364
1.179438	2.6600
1.179598	2.6719
1.179759	2.6879
1.179598	2.7033
1.179598	2.7395
1.179117	2.7551
1.179598	2.7864
1.178795	2.8074
1.179117	2.8377
1.179117	2.8607
1.178956	2.8885
1.178635	2.9074
1.178956	2.9441
1.178314	2.9555
1.178795	2.9718
1.178635	2.9848
1.177832	3.0037
1.178795	3.0451
1.178153	3.0596
1.178795	3.0934
1.178795	3.1085
1.178314	3.1430
1.178795	3.1582
1.178314	3.1924
1.178474	3.2068
1.178474	3.2451
1.178153	3.2587
1.178474	3.2744
1.178314	3.2883
1.178153	3.3044
1.178956	3.3415
1.178153	3.3575
1.178474	3.3885
1.177671	3.4039
1.177511	3.4451
1.178153	3.4567
1.178474	3.4871
1.177832	3.5076
1.178153	3.5437
1.177671	3.5567
1.178153	3.5734
1.178474	3.5842
1.177832	3.6022
1.177832	3.6173
1.177992	3.6385
1.177992	3.6596
1.178153	3.6937
1.178153	3.7085
1.177992	3.7434
1.177832	3.7582
1.177511	3.7919
1.177832	3.8036
1.177992	3.8434
1.177832	3.8589
1.177350	3.8751
1.177992	3.8863
1.177992	3.9054
1.178153	3.9430
1.178153	3.9572
1.177832	3.9924
1.177190	4.0056
1.178153	4.0378
1.177671	4.0605
1.178314	4.0930
1.177671	4.1050
1.177992	4.1354
1.177832	4.1561
1.177350	4.1694
1.178474	4.1875
1.177671	4.2009
1.177992	4.2452
1.178153	4.2563
1.177992	4.2924
1.177350	4.3078
1.177671	4.3428
1.177832	4.3580
1.177832	4.3935
1.178153	4.4076
1.178474	4.4391
1.177671	4.4586
1.178314	4.4733
1.178153	4.4874
1.177832	4.5024
1.177992	4.5139
1.178314	4.5439
1.177671	4.5586
1.178153	4.5930
1.177832	4.6073
1.177992	4.6458
1.177992	4.6581
1.178474	4.6903
1.177992	4.7065
1.178474	4.7427
1.178153	4.7582
1.178153	4.7719
1.177511	4.7838
1.177832	4.8014
1.177511	4.8159
1.177832	4.8445
1.177511	4.8590
1.177671	4.8938
1.177832	4.9050
1.177190	4.9433
1.177511	4.9548
1.177832	4.9928
1.177029	5.0066
1.177350	5.0428
1.177511	5.0573
1.177511	5.0734
1.177029	5.0868
1.177511	5.0987
1.177350	5.1156
1.177832	5.1438
1.177350	5.1584
1.177029	5.1929
1.177671	5.2072
1.177190	5.2450
1.177350	5.2566
1.177511	5.2874
1.177832	5.3069
1.176868	5.3362
1.177350	5.3580
1.177511	5.3709
1.177832	5.3858
1.177671	5.4039
1.177350	5.4436
1.177029	5.4584
1.177671	5.4855
1.177350	5.5068
1.177671	5.5406
1.177350	5.5556
1.178153	5.5871
1.177190	5.6024
1.177350	5.6424
1.177350	5.6579
1.177190	5.6723
1.177511	5.6871
1.177671	5.7011
1.177832	5.7155
1.177671	5.7419
1.177832	5.7559
1.177350	5.7917
1.177029	5.8043
1.177350	5.8393
1.177671	5.8551
1.176868	5.8914
1.177029	5.9057
1.177832	5.9411
1.177511	5.9522
1.177832	5.9702
1.177350	5.9851
1.177350	5.9983
1.177350	6.0144
1.177029	6.0416
1.177190	6.0585
1.177671	6.0877
1.177671	6.1066
1.177190	6.1409
1.176708	6.1565
1.177190	6.1877
1.177350	6.2050
1.177190	6.2393
1.177190	6.2586
1.177029	6.2736
1.177190	6.2886
1.177190	6.2994
1.177350	6.3389
1.177190	6.3504
1.177671	6.3867
1.177029	6.4005
1.177190	6.4414
1.176708	6.4581
1.176708	6.4917
1.177029	6.5057
1.177832	6.5404
1.177190	6.5559
1.177350	6.5676
1.177190	6.5830
1.177671	6.5978
1.177511	6.6146
1.177190	6.6400
1.176868	6.6585

Mean Power (dBm):	0.7112
Mean Power (mW):	1.177934
