Power (mW)	Time (sek)
0.444646226	0.08076715469360352
0.444626174	0.11455059051513672
0.444634585	0.1499166488647461
0.44463493400000004	0.19976019859313965
0.444628531	0.2519819736480713
0.44464715800000004	0.29886651039123535
0.444626028	0.3475790023803711
0.444624602	0.3973531723022461
0.444600038	0.43317532539367676
0.44462434	0.466489315032959
0.444623001	0.5469913482666016
0.44464715800000004	0.5986247062683105
0.444641046	0.6484146118164062
0.444651087	0.699880838394165
0.444634265	0.7306382656097412
0.44465073699999996	0.7588818073272705
0.444638164	0.7998089790344238
0.444642268	0.8492417335510254
0.44463592300000004	0.8994860649108887
0.444634643	0.9494333267211914
0.444636564	0.9996860027313232
0.44462984099999997	1.0318427085876465
0.444648496	1.0634880065917969
0.444623991	1.1002399921417236
0.444624282	1.1472179889678955
0.444628444	1.1994545459747314
0.44461846099999996	1.2492001056671143
0.444642123	1.3000805377960205
0.44462434	1.3311245441436768
0.444654666	1.363659381866455
0.444619101	1.4143953323364258
0.444633042	1.463848352432251
0.444632373	1.514531135559082
0.444631674	1.5638792514801025
0.444609497	1.614288330078125
0.444623583	1.647325038909912
0.44462108100000003	1.6976449489593506
0.444610399	1.7481658458709717
0.444621692	1.7973406314849854
0.44461429900000005	1.847728967666626
0.44463272200000004	1.8973240852355957
0.44461712200000003	1.9306302070617676
0.444644684	1.964341163635254
0.444617559	2.0138943195343018
0.444630365	2.0639166831970215
0.44473691400000004	2.114156723022461
0.446941354	2.1645426750183105
0.447032478	2.2190585136413574
0.446541788	2.2474284172058105
0.44621480599999996	2.297348976135254
0.446432008	2.3477227687835693
0.44679094599999997	2.397583484649658
0.44672281399999997	2.4493184089660645
0.446472666	2.497488021850586
0.445192476	2.5306990146636963
0.445094891	2.5641443729400635
0.445019046	2.6143534183502197
0.444985839	2.6639935970306396
0.44492509900000005	2.7137563228607178
0.444893551	2.7639694213867188
0.444870384	2.814298629760742
0.444890291	2.8471665382385254
0.444896141	2.898294687271118
0.444872538	2.946817398071289
0.44486019800000004	2.9975898265838623
0.444831239	3.0506880283355713
0.444846926	3.097505569458008
0.444844714	3.1320838928222656
0.444868958	3.1635961532592773
0.444826961	3.217211961746216
0.444830483	3.2663679122924805
0.444804115	3.314258337020874
0.444823381	3.367368459701538
0.444818957	3.413450002670288
0.444825797	3.446655511856079
0.444834412	3.4966864585876465
0.444833218	3.5470259189605713
0.444810896	3.5990118980407715
0.444804085	3.6470165252685547
0.444812555	3.6971278190612793
0.444798294	3.73091197013855
0.44481369000000004	3.7641584873199463
0.444786332	3.814007520675659
0.444788311	3.863941192626953
0.44478179199999995	3.9137673377990723
0.444792444	3.9641854763031006
0.444781093	4.013474225997925
0.444776	4.048922061920166
0.444800506	4.099441766738892
0.444783131	4.147487163543701
0.444801524	4.197369337081909
0.44477661100000004	4.247450590133667
0.444795354	4.300576686859131
0.44478321800000004	4.330461502075195
0.444801495	4.363925933837891
0.44478636099999996	4.413723707199097
0.444837002	4.46389365196228
0.444851263	4.5138630867004395
0.444915408	4.563825845718384
0.444914884	4.6138341426849365
0.44490527900000004	4.64952826499939
0.444880978	4.696883201599121
0.444826292	4.749439716339111
0.44477562200000004	4.797346115112305
0.444726378	4.8473124504089355
0.444741163	4.897310018539429
0.44472629100000005	4.930736780166626
0.444760808	4.966141939163208
0.444740173	5.013574838638306
0.444755045	5.0638463497161865
0.444732839	5.1135478019714355
0.444726378	5.163883924484253
0.444694917	5.21337628364563
0.444716308	5.247061014175415
0.444782752	5.299501657485962
0.444719772	5.347211122512817
0.44471852	5.399370431900024
0.444721751	5.448917388916016
0.444729812	5.500319242477417
0.444736303	5.53056526184082
0.444736652	5.563825368881226
0.444706355	5.617886543273926
0.444730133	5.6637232303619385
0.444691395	5.718001842498779
0.444716687	5.763766288757324
0.444703735	5.813767433166504
0.444705598	5.846790552139282
0.444718549	5.899263143539429
0.44471502799999996	5.9467856884002686
0.444732083	5.997064590454102
0.44472151800000004	6.046401023864746
0.444751058	6.09704065322876
0.444733712	6.132248640060425
0.444737583	6.1629798412323
0.44472888099999996	6.197134494781494
0.444728532	6.250795364379883
0.444730482	6.296927213668823
0.444726931	6.350922346115112
0.444725301	6.396904945373535
0.444712379	6.430351495742798
0.444726553	6.463109254837036
0.444704667	6.513518333435059
0.444737263	6.56784987449646
0.444707257	6.613779067993164
0.44470239699999997	6.668711185455322
0.444686244	6.713526487350464
0.444702775	6.747014045715332
0.44470300799999996	6.797731161117554
0.444689562	6.846959590911865
0.444719743	6.896767616271973
0.44470527800000004	6.947048187255859
0.444718171	6.996776103973389
0.44469302499999996	7.030505180358887
0.44471464899999996	7.063210487365723
0.444670382	7.113285541534424
0.44470239699999997	7.163600444793701
0.44467402	7.213179588317871
0.444706326	7.264743804931641
0.444682635	7.314865589141846
0.44469881699999997	7.348849773406982
0.44467495199999996	7.399022579193115
0.44468019	7.44724702835083
0.44469043500000005	7.49915075302124
0.44468278099999997	7.546614170074463
0.444682053	7.600037574768066
0.444687845	7.631967306137085
0.44470300799999996	7.66517186164856
0.444676611	7.716500282287598
0.444705976	7.765372276306152
0.444665289	7.816418170928955
0.444692472	7.865573406219482
0.444674661	7.917057514190674
0.444686302	7.949871301651001
0.444676698	7.999463796615601
0.444689591	8.04863715171814
0.444702688	8.099418640136719
0.444701465	8.148783206939697
0.444684003	8.198690414428711
0.44466299000000004	8.232198476791382
0.444675621	8.262532949447632
0.444653619	8.299012422561646
0.444665289	8.348806619644165
0.444670091	8.398707628250122
0.444653997	8.448336124420166
0.444665347	8.496549367904663
0.444666948	8.531946420669556
0.444658857	8.562596082687378
0.444649253	8.598958253860474
0.444658508	8.650517225265503
0.444658101	8.696300029754639
0.444641482	8.749010562896729
0.444644684	8.796748161315918
0.444627542	8.829643249511719
0.444637	8.86566948890686
0.444591686	8.896828174591064
0.444601406	8.951425552368164
0.44459485800000004	8.996596336364746
0.444559671	9.047077894210815
0.444553327	9.096372604370117
0.44454747699999997	9.130033731460571
0.44456994499999997	9.16341519355774
0.444560748	9.213263511657715
0.44459843800000004	9.263944625854492
0.444573583	9.313406705856323
0.44462239	9.3633394241333
0.444600795	9.419282913208008
0.444615202	9.446399211883545
0.444626843	9.49886679649353
0.444641046	9.546256303787231
0.444662059	9.596667051315308
0.444659876	9.649851083755493
0.44466496899999997	9.696561336517334
0.44467495199999996	9.72971510887146
0.44467632	9.76317048072815
0.444660458	9.81338119506836
0.444671081	9.863473415374756
0.444648293	9.912922382354736
0.444670819	9.963321208953857
0.444649486	10.013287544250488
0.44467565000000003	10.047906875610352
0.444644858	10.097692489624023
0.444653619	10.148861646652222
0.444672682	10.198773622512817
0.44464989299999996	10.251272439956665
0.44464532399999995	10.296926021575928
0.444647536	10.33056378364563
0.444646226	10.364885091781616
0.444642646	10.396045207977295
0.444657257	10.44984745979309
0.44463135400000003	10.496626615524292
0.444623351	10.549930095672607
0.444616831	10.596197843551636
0.444622739	10.629786968231201
0.44463595300000003	10.663400411605835
0.444630074	10.712873697280884
0.44464165699999997	10.763285875320435
0.444599427	10.813285827636719
0.444642646	10.862969398498535
0.444606238	10.9127357006073
0.444631441	10.950252294540405
0.44460909000000004	10.996599197387695
0.444625883	11.051513195037842
0.44460262899999997	11.096517562866211
0.44461429900000005	11.15015459060669
0.444607489	11.196483612060547
0.44462305999999996	11.232120513916016
0.444636855	11.262882709503174
0.444607111	11.313176393508911
0.444626872	11.362952709197998
0.44459197699999997	11.413141250610352
0.44460909000000004	11.467389106750488
0.444595615	11.513097524642944
0.444614358	11.549651145935059
0.444606761	11.596230030059814
0.444626581	11.649415493011475
0.44461948	11.698159456253052
0.444637553	11.750150918960571
0.444613368	11.796244621276855
0.444607489	11.829488515853882
0.44459971800000003	11.864341497421265
0.444602338	11.896430492401123
0.444595935	11.95143437385559
0.444597477	11.996116161346436
0.44459462499999997	12.050235271453857
0.444582285	12.09661078453064
0.44460102799999995	12.129627227783203
0.44461363	12.163098573684692
0.44461299	12.202131032943726
0.44463336200000003	12.252407789230347
0.444614911	12.295837163925171
0.44461817	12.351345539093018
0.44459165700000003	12.399290800094604
0.444598234	12.42948293685913
0.444593927	12.46316933631897
0.44456645300000003	12.517074346542358
0.444607489	12.56318736076355
0.444622012	12.617435932159424
0.444658188	12.664759397506714
0.444615871	12.716280698776245
0.44464654600000003	12.748646259307861
0.444591366	12.796184301376343
0.444610399	12.84874939918518
0.44460262899999997	12.895945310592651
0.444616948	12.951829433441162
0.44460842	12.996173620223999
0.444600068	13.03182578086853
0.444587757	13.061967849731445
0.444600795	13.096337795257568
0.44462792	13.148723363876343
0.444630306	13.195958137512207
0.444625941	13.249266862869263
0.44457847300000003	13.297067642211914
0.44457946200000004	13.329769134521484
0.444598118	13.36402177810669
0.44460684899999997	13.396096467971802
0.44464058	13.451883554458618
0.444625563	13.495958805084229
0.444610108	13.55013108253479
0.44457108	13.59563946723938
0.444571982	13.629501342773438
Power (dBm)
26.481037528460828