Power (mW)	Time (sek)
0.45163140700000004	0.10621142387390137
0.451639236	0.13908123970031738
0.45161144200000003	0.16828083992004395
0.451617758	0.22327041625976562
0.451604108	0.26683878898620605
0.451640488	0.32227659225463867
0.451629196	0.37241172790527344
0.45165405000000003	0.42247676849365234
0.451620494	0.4553952217102051
0.451623695	0.48607420921325684
0.451619824	0.5224168300628662
0.451621774	0.5738365650177002
0.451658911	0.622622013092041
0.451617147	0.6719424724578857
0.451630796	0.7222738265991211
0.45160952099999996	0.7480111122131348
0.45162532499999997	0.7786257266998291
0.451604254	0.8224380016326904
0.451603031	0.867225170135498
0.45164724	0.9159102439880371
0.451616332	0.9721250534057617
0.45163664600000003	1.022153615951538
0.451628293	1.0457117557525635
0.45166479	1.0837070941925049
0.451649539	1.1223089694976807
0.451655942	1.1658475399017334
0.451672066	1.2220218181610107
0.451626285	1.2723991870880127
0.451665313	1.3217682838439941
0.451669854	1.350625991821289
0.451694417	1.384033203125
0.451675995	1.4217379093170166
0.451667293	1.4725666046142578
0.451680186	1.5216686725616455
0.451637869	1.571977138519287
0.45167785699999996	1.6167819499969482
0.451655942	1.645233392715454
0.45168047699999997	1.678903341293335
0.451652973	1.7158823013305664
0.451643049	1.7716143131256104
0.451676256	1.823240041732788
0.451667962	1.8721308708190918
0.45170213	1.9171075820922852
0.451671105	1.9554798603057861
0.451674685	1.9782896041870117
0.451647909	2.0168960094451904
0.451635366	2.073430299758911
0.451672764	2.122408390045166
0.45166217	2.1721906661987305
0.451683503	2.222262382507324
0.45163978899999996	2.2452776432037354
0.451660511	2.278517007827759
0.45164336899999996	2.3252363204956055
0.451642351	2.3714993000030518
0.451671483	2.4223644733428955
0.45163757699999996	2.4718844890594482
0.451656844	2.5241098403930664
0.451605942	2.549795627593994
0.45165183799999997	2.5785183906555176
0.451638771	2.6220815181732178
0.451634347	2.6671674251556396
0.451650762	2.7221832275390625
0.45162878799999995	2.76466703414917
0.451660831	2.822160005569458
0.45163533699999997	2.845329523086548
0.451666681	2.878170967102051
0.45198912300000005	2.92224383354187
0.452349399	2.972177267074585
0.45215082399999995	3.023509979248047
0.451728178	3.072082996368408
0.45216691800000003	3.121941566467285
0.45215984600000003	3.155578851699829
0.45220693599999995	3.1836440563201904
0.452221924	3.223748207092285
0.452178589	3.27201247215271
0.452168577	3.321599245071411
0.452045933	3.3720996379852295
0.45196004799999995	3.4158546924591064
0.451850938	3.445274591445923
0.451888656	3.478544235229492
0.451839325	3.5218353271484375
0.451832864	3.5720672607421875
0.451837957	3.6215970516204834
0.451803819	3.673614025115967
0.451856584	3.7167587280273438
0.451818923	3.7448933124542236
0.451855129	3.778430461883545
0.451838336	3.8162269592285156
0.45185763199999995	3.8737683296203613
0.451912871	3.9169089794158936
0.451881177	3.972323179244995
0.451912259	4.016027450561523
0.45180894099999996	4.0550196170806885
0.451817643	4.07823371887207
0.451784406	4.123375177383423
0.451769331	4.171850681304932
0.45185315	4.221921682357788
0.451866392	4.271880149841309
0.45190675900000005	4.326040267944336
0.45184345800000003	4.355079889297485
0.45182640300000004	4.3787195682525635
0.45182282300000004	4.421781539916992
0.451791129	4.471704006195068
0.451853877	4.521978378295898
0.451854139	4.573450088500977
0.45189473900000005	4.621575832366943
0.451876811	4.645765066146851
0.451894826	4.677813291549683
0.451862958	4.721861839294434
0.45186743999999995	4.766601800918579
0.451892149	4.823494911193848
0.451847096	4.8665666580200195
0.451845437	4.921963453292847
0.45182218300000004	4.945276975631714
0.451850326	4.984117269515991
0.45182736399999995	5.0216779708862305
0.451836007	5.07377028465271
0.45186508200000003	5.121702194213867
0.451855507	5.171746492385864
0.451878353	5.221766710281372
0.451857079	5.244932651519775
0.451864791	5.283505916595459
0.451836822	5.323909521102905
0.45182183400000003	5.371861457824707
0.451851985	5.421504497528076
0.45182570499999997	5.4718170166015625
0.451863627	5.521888971328735
0.451854808	5.554841756820679
0.451854139	5.578122854232788
0.451854197	5.623828172683716
0.451838598	5.671612977981567
0.45186089100000004	5.72169828414917
0.451852888	5.773416519165039
0.45187288200000003	5.821295499801636
0.451857952	5.844698905944824
0.451874454	5.878387212753296
0.451840489	5.9239301681518555
0.45181991299999996	5.9713826179504395
0.45180801	6.0231122970581055
0.451784086	6.071233510971069
0.451814063	6.121681451797485
0.451812812	6.149669647216797
0.45183027400000003	6.180089712142944
0.451820291	6.223265886306763
0.451815722	6.272501707077026
0.451832166	6.321208715438843
0.451793108	6.373466730117798
0.451821514	6.423375606536865
0.451818632	6.447298288345337
0.451847707	6.4798057079315186
0.451829837	6.523508310317993
0.451833243	6.572834253311157
0.451836124	6.623454570770264
0.45180635100000005	6.671409368515015
0.451806671	6.724020481109619
0.45177966199999997	6.747051239013672
0.45180603	6.781255006790161
0.451790867	6.814054489135742
0.451777305	6.864636421203613
0.45180186899999997	6.921372652053833
0.451778236	6.971573829650879
0.451816653	7.020994186401367
0.451810862	7.05501127243042
0.451820903	7.081233978271484
0.45183836499999996	7.12153959274292
0.451836677	7.171383857727051
0.451846048	7.213983535766602
0.451813423	7.2711570262908936
0.45182256099999996	7.314366340637207
0.45178507599999995	7.354838848114014
0.451801228	7.378032445907593
0.45179834700000004	7.415026426315308
0.451789587	7.472553968429565
0.451803149	7.515225410461426
0.45176642	7.571425914764404
0.45177404499999996	7.61515212059021
0.451765431	7.654235363006592
0.451785309	7.677574872970581
0.451768545	7.715157747268677
0.45178533800000004	7.770894289016724
0.451831875	7.821444749832153
0.451841566	7.873442649841309
0.451803819	7.920849800109863
0.45177954600000003	7.954804182052612
0.45179211900000005	7.977895736694336
0.451793108	8.021231174468994
0.45178469699999996	8.064485788345337
0.451805448	8.120984315872192
0.45177753800000003	8.164889097213745
0.451797299	8.221340894699097
0.451776636	8.244706869125366
0.45180216	8.27737545967102
0.45179284599999997	8.320960998535156
0.451791799	8.375526428222656
0.451811531	8.421315908432007
0.45177288099999996	8.471343040466309
0.45179828899999996	8.521658897399902
0.45176953400000003	8.544396877288818
0.451794156	8.581361770629883
0.451782515	8.621380090713501
0.45177631500000004	8.671268224716187
0.451793545	8.721301078796387
0.451780536	8.774550676345825
0.451777625	8.821506261825562
0.45176467400000003	8.8541419506073
0.451777712	8.88340973854065
0.451765954	8.917432308197021
0.451761385	8.967643976211548
0.451790896	9.02345895767212
0.451787608	9.071067333221436
0.451828673	9.121281623840332
0.451800239	9.150846004486084
0.45180216	9.18346643447876
0.45177867299999996	9.217435359954834
0.451779284	9.273664474487305
0.45178030300000005	9.317455053329468
0.451759552	9.367255926132202
0.451781525	9.417245149612427
0.451787608	9.450559616088867
0.451800239	9.483874082565308
0.451804808	9.523598909378052
0.451799569	9.567279815673828
0.451824424	9.61731481552124
0.451823435	9.671438694000244
0.451845757	9.724150896072388
0.451821601	9.747220277786255
0.45181898200000004	9.777369499206543
0.451827131	9.821191310882568
0.451803469	9.8706796169281
0.451804197	9.921166181564331
0.45179599000000004	9.97675609588623
0.451796979	10.021204948425293
0.451843749	10.054476022720337
0.451787055	10.07727861404419
0.45179255500000004	10.121195793151855
0.45177954600000003	10.165636539459229
0.451791188	10.221093893051147
0.451795087	10.270895004272461
0.451828964	10.321075916290283
0.45183414499999996	10.354548454284668
0.451829284	10.381511688232422
0.451835745	10.421094417572021
0.451823871	10.472738265991211
0.451825093	10.520244836807251
0.451815722	10.5701322555542
0.451832544	10.620107650756836
0.451800239	10.643779516220093
0.451818632	10.676734685897827
0.451815722	10.720194339752197
0.451799569	10.770132064819336
0.45180766	10.821756601333618
0.451797969	10.870131731033325
0.451817003	10.924117088317871
0.45180344	10.95427393913269
0.45179607699999996	10.977395296096802
0.451810542	11.023276329040527
0.451805361	11.071059226989746
0.4518145	11.114756107330322
0.451800879	11.171010971069336
0.45182320200000003	11.237124681472778
0.45179858	11.270650625228882
0.451806292	11.320966958999634
0.451801607	11.370954990386963
0.45182218300000004	11.422489643096924
0.451809232	11.470820903778076
0.451846718	11.520967960357666
0.451845117	11.554263591766357
0.451840926	11.57742691040039
0.45184308	11.62105655670166
0.45182157199999995	11.665054321289062
0.45181639100000004	11.720261812210083
0.45180734	11.763970851898193
0.4518145	11.820536375045776
0.451803207	11.85426640510559
0.451804692	11.87694239616394
0.451816944	11.920632362365723
0.45181540200000003	11.976534128189087
0.45181275299999996	12.020925998687744
0.451831555	12.0709228515625
0.451831816	12.12382984161377
0.451840315	12.154435873031616
0.451838045	12.180392980575562
0.451842847	12.220879554748535
0.45184858	12.270833492279053
0.451840315	12.320570707321167
0.451831875	12.373666524887085
0.451823784	12.420909404754639
0.45181214199999997	12.454216003417969
0.45180352799999995	12.477238655090332
0.45181368499999996	12.52081847190857
0.45180443	12.570850372314453
0.45180376	12.620001316070557
0.45180344	12.67087697982788
0.451813801	12.72411060333252
0.45181412099999996	12.754374027252197
0.45181418	12.7772536277771
0.451829052	12.815496683120728
0.451820291	12.873468160629272
0.451818691	12.920308113098145
0.451828208	12.970756530761719
Power (dBm)
26.549391245618658