Power (mW)	Time (sek)
0.45174759	0.11738276481628418
0.451780215	0.14966726303100586
0.45181097800000003	0.17976784706115723
0.45179174	0.21584343910217285
0.45178632700000004	0.24629616737365723
0.451722444	0.28269410133361816
0.451664935	0.3343088626861572
0.45159526099999997	0.37979841232299805
0.451511674	0.43343162536621094
0.451551023	0.48043274879455566
0.45154072	0.5135183334350586
0.451587868	0.5486354827880859
0.45162596499999996	0.5799145698547363
0.45163175699999997	0.6302886009216309
0.45168830499999996	0.6829574108123779
0.451648142	0.7354457378387451
0.451659143	0.7798113822937012
0.451590779	0.8130640983581543
0.451567525	0.8469326496124268
0.451553002	0.8968935012817383
0.451516855	0.9469132423400879
0.451561995	0.996652364730835
0.451612665	1.0468981266021729
0.451705011	1.096212387084961
0.45172221100000004	1.1307191848754883
0.45177244499999997	1.1829884052276611
0.451735337	1.2295432090759277
0.45172215299999996	1.2801010608673096
0.45159590099999997	1.3299798965454102
0.451499975	1.381788730621338
0.451407686	1.4131486415863037
0.451397646	1.4468178749084473
0.451455446	1.499040126800537
0.45152069699999997	1.5462563037872314
0.45163556899999996	1.5967481136322021
0.451707281	1.646394968032837
0.45176123999999995	1.6965596675872803
0.45172861400000003	1.7297885417938232
0.45173638499999996	1.780019998550415
0.451627217	1.83294677734375
0.451596861	1.880035638809204
0.451519096	1.9351871013641357
0.45154447400000003	1.9800691604614258
0.451549771	2.013216733932495
0.451601431	2.0499179363250732
0.451659842	2.0968523025512695
0.451667525	2.150853157043457
0.451670814	2.1968390941619873
0.451617612	2.2468481063842773
0.45158391000000003	2.296201705932617
0.45153065000000003	2.3300294876098633
0.451525848	2.379513740539551
0.451433298	2.4300308227539062
0.451461936	2.4828808307647705
0.45148553900000005	2.531090259552002
0.45158132	2.5833048820495605
0.451621716	2.6128652095794678
0.45167628600000004	2.6464128494262695
0.45169630899999996	2.700255870819092
0.451649132	2.7466351985931396
0.451616856	2.8002562522888184
0.45153265800000003	2.846201181411743
0.45148388	2.901962995529175
0.4514381	2.9297220706939697
0.451455475	2.980543375015259
0.451431901	3.029710292816162
0.451517088	3.07991623878479
0.451542757	3.129596471786499
0.45160632	3.17989182472229
0.451573724	3.214905261993408
0.45161295599999995	3.2394206523895264
0.451556814	3.279782295227051
0.451521308	3.3330094814300537
0.451517233	3.380136489868164
0.45148519	3.434070587158203
0.45154240799999995	3.480041980743408
0.451562431	3.513082504272461
0.451614032	3.547879219055176
0.45164427100000004	3.579268455505371
0.451655331	3.629427671432495
0.45169435900000005	3.68304443359375
0.45164823000000004	3.729368209838867
0.451623084	3.7793993949890137
0.45151260600000004	3.8131916522979736
0.451486791	3.84625506401062
0.451464293	3.8964035511016846
0.45142803000000004	3.946505308151245
0.45147587699999997	3.9961581230163574
0.451507862	4.046521902084351
0.451613625	4.096093416213989
0.45162110499999997	4.132779598236084
0.451683445	4.182848930358887
0.451656553	4.22986364364624
0.451075175	4.284571647644043
0.45096065199999996	4.329833269119263
0.450967171	4.383086681365967
0.450928725	4.412635087966919
0.450872176	4.446354150772095
0.450852909	4.50151515007019
0.450704072	4.546404600143433
0.450760825	4.602057456970215
0.450921245	4.646076202392578
0.451137166	4.696384429931641
0.45118015300000003	4.7293195724487305
0.451291184	4.779623508453369
0.451388623	4.8326256275177
0.451371248	4.8792808055877686
0.45129985699999997	4.933900594711304
0.45137151000000003	4.979787588119507
0.451439439	5.0130908489227295
0.45158132	5.046337842941284
0.451668137	5.085386753082275
0.45173015699999997	5.135011434555054
0.451842847	5.179822683334351
0.451838103	5.229564189910889
0.451719185	5.283831834793091
0.451536849	5.313130855560303
0.45141865800000003	5.348384618759155
0.451294211	5.379516124725342
0.451191969	5.429567337036133
0.451592059	5.479222297668457
0.451586617	5.535630226135254
0.4516521	5.5789477825164795
0.451684376	5.612722396850586
0.451728876	5.645795583724976
0.45175276999999997	5.695786476135254
0.451721455	5.745834112167358
0.451710483	5.795974254608154
0.45165373000000003	5.845895051956177
0.45164182700000005	5.895789861679077
0.451611792	5.929442882537842
0.45164756	5.982254266738892
0.451669097	6.029354095458984
0.451792468	6.079245090484619
0.451837666	6.12928032875061
0.451898086	6.179412603378296
0.45185769000000003	6.21477746963501
0.451862288	6.245368719100952
0.451784173	6.279268026351929
0.451724976	6.329347610473633
0.45163239699999996	6.379395246505737
0.451527216	6.429159164428711
0.451544911	6.479381322860718
0.451536151	6.513976097106934
0.451601692	6.545194149017334
0.451632863	6.579339265823364
0.45168853800000003	6.629009962081909
0.451797881	6.678887128829956
0.451832166	6.735193967819214
0.45186447100000005	6.779270648956299
0.451817992	6.8126749992370605
0.451799249	6.84570050239563
0.451716303	6.8961944580078125
0.45161880600000004	6.9458043575286865
0.451611675	6.995967864990234
0.45161016200000004	7.051258325576782
0.45168786899999996	7.096104621887207
0.451697008	7.129923105239868
0.451760192	7.179336071014404
0.45176900999999997	7.2292702198028564
0.451805972	7.278867959976196
0.45174273	7.329348087310791
0.45171089	7.383519649505615
0.451603963	7.412362337112427
0.451587432	7.446048736572266
0.451592612	7.495797395706177
0.451627508	7.546132802963257
0.451737607	7.595239639282227
0.451825472	7.645365476608276
0.451890985	7.700634241104126
0.45188667699999996	7.728965759277344
0.451905798	7.779191970825195
0.451830885	7.829809188842773
0.451780827	7.8789074420928955
0.451672066	7.92873477935791
0.451638887	7.979267358779907
0.45159366	8.014685869216919
0.451632746	8.038999557495117
0.45162017299999996	8.08323359489441
0.451662112	8.133026599884033
0.45174142	8.17908263206482
0.451738248	8.233776807785034
0.451774104	8.280445575714111
0.451727625	8.312665224075317
0.45173443500000005	8.346932411193848
0.451702421	8.379072666168213
0.451685046	8.429107666015625
0.45170990099999997	8.47913146018982
0.45168557000000004	8.533636331558228
0.451742264	8.579108953475952
0.451735657	8.612605571746826
0.451771513	8.645549774169922
0.451780157	8.695381164550781
0.451761152	8.745570182800293
0.451757893	8.795244693756104
0.45169988899999997	8.845748901367188
0.451676373	8.895263195037842
0.451622094	8.928709268569946
0.451630563	8.982565879821777
0.451602973	9.02881407737732
0.45167826499999997	9.078906536102295
0.45171720600000004	9.129026412963867
0.45180352799999995	9.179046869277954
0.451820524	9.214107751846313
0.451849919	9.24493956565857
0.451825093	9.278656482696533
0.45180149	9.328328609466553
0.451793399	9.378836870193481
0.451697619	9.428351879119873
0.45168830499999996	9.479018926620483
0.451641681	9.512218952178955
0.45166409100000005	9.545599699020386
0.451719563	9.595901012420654
0.45172215299999996	9.644944429397583
0.451777305	9.695311546325684
0.451762142	9.74594783782959
0.451764732	9.795644283294678
0.45171720600000004	9.829066038131714
0.451721455	9.884000539779663
0.451646541	9.928833246231079
0.451653061	9.978735446929932
0.45165245000000004	10.029964923858643
0.451742206	10.078966617584229
0.45180248	10.113802433013916
0.45186540199999997	10.14540147781372
0.451944477	10.195801973342896
0.451935513	10.247931241989136
0.45192262	10.295582056045532
0.451783737	10.347049474716187
0.451729866	10.39563798904419
0.451639848	10.428403377532959
0.45164855	10.482794523239136
0.451600819	10.528823614120483
0.451665372	10.581768035888672
0.45170172199999997	10.628705739974976
0.451787317	10.683012962341309
0.451807951	10.712258100509644
0.451849308	10.745458126068115
0.45184962799999995	10.794969081878662
0.451786938	10.845505237579346
0.451773027	10.899012804031372
0.451711094	10.945485353469849
0.451724685	11.000333309173584
0.451709522	11.03001070022583
0.45176953400000003	11.078907489776611
0.451790256	11.128602027893066
0.451844069	11.179131746292114
0.45185443	11.229326963424683
0.45190061800000003	11.278656244277954
0.451821135	11.311609745025635
0.451790256	11.344820737838745
0.45169852099999996	11.395549774169922
0.45162558700000005	11.445717096328735
0.451638247	11.496602773666382
0.45168047699999997	11.555016279220581
0.451789907	11.595475435256958
0.451817003	11.632878065109253
0.451892847	11.683704137802124
0.45192224200000003	11.72840690612793
0.451966189	11.778131246566772
0.45191292899999996	11.82888388633728
0.451889005	11.878898859024048
0.45179273000000003	11.913117408752441
0.451764994	11.948285102844238
0.45174273	11.978665828704834
0.451689848	12.028823137283325
0.451728876	12.078768730163574
0.451740518	12.128809213638306
0.451814791	12.178737878799438
0.45181639100000004	12.212078332901001
0.451825385	12.24521017074585
0.45181578	12.295318126678467
0.45175399299999996	12.345327854156494
0.45176415000000003	12.395366907119751
0.45171642	12.44530200958252
0.451741565	12.494784355163574
0.451736036	12.528652667999268
0.45179470899999996	12.581986904144287
0.451817643	12.628458738327026
0.45191485	12.678628206253052
0.451930711	12.728569030761719
0.451956701	12.778661966323853
0.451882253	12.813437223434448
0.451851549	12.84444808959961
0.451773638	12.878635168075562
0.451699918	12.928730010986328
0.451678236	12.978601217269897
0.45163522	13.028356075286865
0.45171377100000004	13.077960014343262
0.451761181	13.11304259300232
0.451850909	13.138169288635254
0.451867701	13.178683519363403
0.451909	13.23054552078247
0.45194005400000004	13.277960777282715
0.451862812	13.33177399635315
0.451818865	13.378649950027466
0.451737025	13.411836862564087
0.451732427	13.444642305374146
0.45175734	13.495071411132812
0.451776956	13.544764280319214
Power (dBm)
26.548097613487677