Power (mW)	Time (sek)
0.385909079	0.07935690879821777
0.38548911100000005	0.11338114738464355
0.385376392	0.14045143127441406
0.385557156	0.1898963451385498
0.38593003400000003	0.24016118049621582
0.386215339	0.2878379821777344
0.38650524199999997	0.33794426918029785
0.386999396	0.38597798347473145
0.38793165	0.4206197261810303
0.38857499	0.454974889755249
0.389210327	0.48598575592041016
0.390022498	0.5373406410217285
0.390628848	0.5865979194641113
0.39071743999999997	0.6361443996429443
0.39030498	0.686424970626831
0.389693596	0.7218739986419678
0.38934755099999996	0.7522103786468506
0.38923972199999995	0.7863295078277588
0.389329391	0.8361105918884277
0.389646826	0.8895180225372314
0.38995410399999997	0.936058759689331
0.389731373	0.9865269660949707
0.38902316000000003	1.0196266174316406
0.38808406700000003	1.052565574645996
0.38619752700000004	1.1062397956848145
0.385155552	1.152482271194458
0.385684601	1.2031958103179932
0.38711188199999996	1.2553846836090088
0.388690649	1.3030595779418945
0.389885332	1.3378989696502686
0.390690664	1.3871166706085205
0.391021022	1.4363889694213867
0.391240523	1.4864380359649658
0.391318346	1.536339282989502
0.39138275299999997	1.5858526229858398
0.39141831800000004	1.6194839477539062
0.391250156	1.6531524658203125
0.390512258	1.7029435634613037
0.389233668	1.7526767253875732
0.387157983	1.802628517150879
0.384904037	1.8522977828979492
0.383713021	1.9025673866271973
0.38358671	1.9361844062805176
0.38386855200000003	1.986116886138916
0.385056512	2.043689250946045
0.38696843	2.085808038711548
0.389232853	2.1359493732452393
0.391423207	2.186289072036743
0.392166927	2.221611738204956
0.391639798	2.2521073818206787
0.391297974	2.2905430793762207
0.389973109	2.3357534408569336
0.38674339900000004	2.3862087726593018
0.384048006	2.4410557746887207
0.38138133799999996	2.486067771911621
0.379786128	2.5191128253936768
0.378940604	2.5525760650634766
0.37810808900000004	2.6030280590057373
0.377587072	2.6523029804229736
0.379302219	2.7029995918273926
0.382655766	2.756420612335205
0.388269662	2.8030683994293213
0.392420712	2.8361432552337646
0.396150397	2.885930061340332
0.399768964	2.9366939067840576
0.39989643799999997	2.98622465133667
0.398309232	3.036212682723999
0.39753483700000003	3.0856754779815674
0.39476386199999997	3.1195077896118164
0.391409907	3.152977705001831
0.386028143	3.2022955417633057
0.381540769	3.2528297901153564
0.37672070900000004	3.3026516437530518
0.372888608	3.3529982566833496
0.373345887	3.4099771976470947
0.37371856200000003	3.4358227252960205
0.375100557	3.4861278533935547
0.37713389599999997	3.535923957824707
0.377739751	3.5861597061157227
0.379163743	3.6357386112213135
0.379257399	3.6856610774993896
0.378322788	3.7189340591430664
0.377592922	3.75288462638855
0.37712874500000004	3.807741165161133
0.375443051	3.852199077606201
0.374287425	3.9024221897125244
0.372718874	3.952333927154541
0.374532683	4.002676010131836
0.377019285	4.035965919494629
0.379860605	4.086698532104492
0.38453319599999997	4.13571834564209
0.384189771	4.185879945755005
0.38342142900000004	4.235547304153442
0.379827077	4.286110877990723
0.37431914800000005	4.32174825668335
0.368527282	4.352808952331543
0.357343059	4.402017116546631
0.35338322	4.452344179153442
0.35390580899999996	4.502798318862915
0.353822834	4.5552990436553955
0.35820045699999997	4.602409601211548
0.360048143	4.640111446380615
0.36157763699999995	4.685983657836914
0.36202152800000004	4.735838890075684
0.361485931	4.787256479263306
0.360620499	4.835883140563965
0.35975466	4.885851144790649
0.35820589999999997	4.918918609619141
0.35943964	4.952759504318237
0.361288374	5.002588272094727
0.361762883	5.052398681640625
0.361370359	5.102283239364624
0.359172991	5.152750253677368
0.359435187	5.20227575302124
0.359135272	5.237999439239502
0.360234437	5.290647029876709
0.366088469	5.3358988761901855
0.370626134	5.390773057937622
0.373778952	5.435408592224121
0.375688658	5.491415977478027
0.37587111	5.518944501876831
0.374994095	5.552627801895142
0.372607552	5.607907295227051
0.371539732	5.652512550354004
0.369735877	5.707280874252319
0.368042063	5.752142906188965
0.369767193	5.802481651306152
0.373585324	5.83537220954895
0.375839882	5.885836124420166
0.377239805	5.9367146492004395
0.374302006	5.985374927520752
0.370129681	6.041003465652466
0.366332184	6.085782051086426
0.366497494	6.118554592132568
0.368674489	6.152297496795654
0.371619477	6.185242652893066
0.376109645	6.240561485290527
0.38332853	6.285791397094727
0.38883328699999997	6.335710763931274
0.390960922	6.390941858291626
0.389634428	6.4191224575042725
0.387842301	6.453529596328735
0.385994848	6.485513210296631
0.38396505999999997	6.535590887069702
0.38121186700000004	6.5852906703948975
0.37832596	6.635344505310059
0.378928991	6.685092449188232
0.378345314	6.718991756439209
0.378093915	6.752346754074097
0.381468766	6.802249431610107
0.38943951899999996	6.862708330154419
0.395701907	6.902060031890869
0.40087974	6.9524922370910645
0.402985082	7.0071399211883545
0.403197686	7.035223722457886
0.402516016	7.085788249969482
0.399522047	7.135415554046631
0.39557731399999996	7.185558080673218
0.39115455	7.235031604766846
0.386636617	7.285373210906982
0.382908271	7.3217689990997314
0.381844264	7.345591306686401
0.382855593	7.385419130325317
0.38366066299999996	7.440280437469482
0.386725063	7.485344648361206
0.391635607	7.539519786834717
0.395031821	7.585199594497681
0.398461911	7.618907928466797
0.40104732	7.6534953117370605
0.40294317300000004	7.6850059032440186
0.403850834	7.735630512237549
0.403736951	7.790380239486694
0.403302372	7.83558464050293
0.40296177	7.885492324829102
0.40165119600000004	7.918924570083618
0.40087878	7.951912879943848
0.39968086599999997	8.002142190933228
0.39904980799999995	8.05234432220459
0.398361561	8.101973056793213
0.39873959	8.152057409286499
0.399347045	8.202058553695679
0.39931837800000003	8.237635850906372
0.399350596	8.28507399559021
0.399563665	8.335190534591675
0.400432997	8.390320539474487
0.402303966	8.435518503189087
0.404553255	8.490914583206177
0.406259234	8.518505334854126
0.407640153	8.552122116088867
0.410383655	8.60742998123169
0.412364228	8.652276277542114
0.412866997	8.706391334533691
0.412033551	8.752041101455688
0.41056133300000003	8.801987648010254
0.409891189	8.834887027740479
0.409466971	8.88561201095581
0.409086671	8.938226699829102
0.408958265	8.985444784164429
0.40838011799999996	9.039551258087158
0.40758794099999995	9.085595607757568
0.406506326	9.118529796600342
0.40626767399999997	9.151405811309814
0.406409032	9.18510389328003
0.40661011	9.23552393913269
0.407327432	9.285522699356079
0.40838553099999997	9.334686756134033
0.41009401300000003	9.387146472930908
0.412403548	9.418520212173462
0.41369115900000003	9.454110860824585
0.414694136	9.484803199768066
0.41528549600000003	9.535310506820679
0.415025657	9.58500599861145
0.41383743500000003	9.642096042633057
0.41192737999999995	9.684716701507568
0.410239852	9.71874713897705
0.409400469	9.75199031829834
0.408673775	9.801600933074951
0.407391286	9.852027893066406
0.405050407	9.901642560958862
0.40313846	9.951947927474976
0.401964411	10.004213333129883
0.401688972	10.03764271736145
0.40183495700000005	10.085753440856934
0.403263577	10.140257358551025
0.40667114099999996	10.185165882110596
0.41106485899999995	10.242279052734375
0.414284121	10.28525424003601
0.415360788	10.32080340385437
0.414816808	10.351364850997925
0.413691596	10.385279893875122
0.411848363	10.442085981369019
0.410690467	10.484867811203003
0.411158544	10.540268898010254
0.41126020399999996	10.584926843643188
0.41038057	10.61848521232605
0.40945887999999997	10.65127158164978
0.408024353	10.701742172241211
0.4073249	10.75154161453247
0.407253538	10.801483631134033
0.407666754	10.856676578521729
0.408516964	10.901991844177246
0.409127446	10.94026494026184
0.409800414	10.99029541015625
0.411545567	11.040439367294312
0.41346679799999997	11.084789991378784
0.41523293499999997	11.14030146598816
0.41542176000000003	11.184643268585205
0.414700364	11.218590259552002
0.41414221100000004	11.250767707824707
0.41411889799999996	11.289258480072021
0.41467417	11.340216636657715
0.415457267	11.384905338287354
0.41556384500000004	11.439925909042358
0.415501127	11.485015392303467
0.415403367	11.518019199371338
0.415231945	11.551665544509888
0.414475362	11.606541156768799
0.413538277	11.651808738708496
0.41303463500000004	11.70533013343811
0.413299014	11.751484394073486
0.413954258	11.801580667495728
0.414649927	11.839818239212036
0.415352086	11.88579535484314
0.416622293	11.940174102783203
0.417459349	11.985103130340576
0.41755649699999997	12.041670083999634
0.41725015	12.08504319190979
0.417109724	12.11996579170227
0.41704092299999995	12.150059461593628
0.41688091	12.184482097625732
0.416467985	12.239558696746826
0.415600894	12.285102367401123
0.414722192	12.339503049850464
0.413843314	12.384812116622925
0.41338618	12.421392679214478
0.41328842099999996	12.451447248458862
0.413255446	12.489911317825317
0.413148606	12.536704778671265
0.413682545	12.588982343673706
0.414540817	12.639747381210327
0.41488782199999996	12.690340995788574
0.41462274400000004	12.721481323242188
0.414229988	12.751684665679932
0.413837115	12.790209770202637
0.413423666	12.843172311782837
0.412982947	12.889335632324219
0.412420079	12.940423727035522
0.411666872	12.99031400680542
0.410760753	13.020355701446533
0.410068023	13.050549030303955
0.40926010100000004	13.089070796966553
0.407892046	13.140145540237427
0.40591642	13.189084768295288
0.404047983	13.24087119102478
0.402549631	13.290244579315186
0.402236736	13.320565223693848
0.402689067	13.350523233413696
0.40365351	13.390086889266968
0.405485131	13.440093040466309
0.407597254	13.489329814910889
Power (dBm)
25.952334502386783