Power (mW)	Time (sek)
0.378136814	0.07379770278930664
0.37661648799999997	0.11400318145751953
0.37485940300000004	0.14317798614501953
0.37320758600000004	0.19972896575927734
0.372254319	0.24262142181396484
0.372744107	0.2916102409362793
0.37465564700000004	0.3478360176086426
0.379250181	0.3975698947906494
0.385940308	0.42093396186828613
0.390138826	0.45719075202941895
0.393443595	0.49720215797424316
0.395569543	0.5476222038269043
0.395696436	0.5976042747497559
0.393840019	0.647263765335083
0.391559734	0.6925759315490723
0.38712631799999997	0.7223148345947266
0.383950915	0.7541780471801758
0.381174119	0.7975831031799316
0.37949840799999995	0.8467631340026855
0.37985807299999996	0.8891017436981201
0.381760445	0.9475955963134766
0.381614082	0.996826171875
0.38073060599999997	1.0310473442077637
0.38040458499999996	1.0539617538452148
0.380586251	1.0977141857147217
0.38181681900000003	1.1482429504394531
0.386798987	1.1976771354675293
0.393826776	1.242732286453247
0.39994387800000003	1.2978110313415527
0.40378049	1.3254141807556152
0.403579965	1.3594028949737549
0.40179136	1.3973102569580078
0.39734889300000004	1.4478507041931152
0.396040617	1.4974310398101807
0.400835852	1.5478010177612305
0.409310451	1.5974311828613281
0.41367963399999996	1.6207976341247559
0.411935762	1.6572837829589844
0.408370048	1.6977078914642334
0.40529729400000003	1.747793436050415
0.402611477	1.7999954223632812
0.398707518	1.847217321395874
0.391740148	1.897099256515503
0.385562598	1.9207673072814941
0.38526821299999997	1.9539966583251953
0.388678716	2.013272762298584
0.39598278800000003	2.0639865398406982
0.395501207	2.113978385925293
0.39276570899999996	2.164304733276367
0.38813051699999995	2.2111504077911377
0.385496824	2.247239351272583
0.383590348	2.296973943710327
0.380193786	2.3475332260131836
0.376918586	2.3976693153381348
0.372813403	2.4478278160095215
0.37071493	2.489037036895752
0.368151843	2.5203332901000977
0.364507694	2.5539655685424805
0.362317805	2.5976483821868896
0.363119034	2.647298812866211
0.368380395	2.697582483291626
0.373575895	2.7469842433929443
0.374831288	2.797736883163452
0.377349876	2.8255362510681152
0.379140169	2.8541364669799805
0.379518402	2.897036552429199
0.378703407	2.9496474266052246
0.377022196	2.9972727298736572
0.37962175	3.0429797172546387
0.384055515	3.0976648330688477
0.38436628500000003	3.1309735774993896
0.383027364	3.1535379886627197
0.37994969199999995	3.196946859359741
0.37524898700000003	3.2428030967712402
0.368216395	3.2975687980651855
0.370895636	3.3475353717803955
0.37827019700000003	3.3940436840057373
0.380566635	3.4304375648498535
0.381036574	3.458998441696167
0.380481069	3.4973154067993164
0.380124024	3.5476438999176025
0.381541526	3.5968375205993652
0.382477563	3.6478469371795654
0.383458886	3.697192430496216
0.38660501	3.720362663269043
0.38791174300000003	3.7535290718078613
0.388891698	3.7923216819763184
0.389096997	3.8480162620544434
0.388709042	3.892165422439575
0.386024592	3.9473037719726562
0.378087803	3.9919216632843018
0.36839456899999995	4.030120372772217
0.362538296	4.053554058074951
0.359297963	4.096784591674805
0.36068182099999996	4.147019863128662
0.370819122	4.197430849075317
0.384144892	4.247134447097778
0.385206862	4.298397541046143
0.382020487	4.319931983947754
0.380978832	4.353729486465454
0.38018179500000004	4.397433757781982
0.378928991	4.447037935256958
0.379633042	4.497301340103149
0.381364254	4.548107147216797
0.383290113	4.597483396530151
0.384291372	4.626100778579712
0.385245949	4.653739929199219
0.386457774	4.697241544723511
0.38667986499999996	4.742605924606323
0.386293279	4.7970404624938965
0.383952487	4.842143774032593
0.378972269	4.897006988525391
0.37930315	4.919747591018677
0.381306512	4.953141927719116
0.38188134199999996	4.9974706172943115
0.379826117	5.046789169311523
0.37730753	5.097135305404663
0.37188734900000003	5.147242069244385
0.367232482	5.1971235275268555
0.367414003	5.224468231201172
0.368648325	5.257857084274292
0.369913614	5.297001123428345
0.372103241	5.347240686416626
0.37579902	5.396921634674072
0.380926154	5.447524785995483
0.381564081	5.496753931045532
0.379155972	5.520665407180786
0.37724492699999995	5.558044195175171
0.375501171	5.5969109535217285
0.37296168700000004	5.647123575210571
0.369264191	5.697134017944336
0.366014574	5.746985912322998
0.362014689	5.796997785568237
0.361830753	5.830951929092407
0.363696105	5.8533971309661865
0.367308676	5.896744012832642
0.372612063	5.951208591461182
0.375965639	5.990179538726807
0.369122805	6.047207355499268
0.359236263	6.092080593109131
0.356047589	6.12019419670105
0.35716581599999997	6.153817892074585
0.359495898	6.199692487716675
0.361980492	6.247047662734985
0.36272610299999997	6.297368764877319
0.35964080600000004	6.347196102142334
0.35685621	6.396965980529785
0.356478238	6.420186281204224
0.357319717	6.453228712081909
0.359298952	6.4968461990356445
0.36200654	6.546232461929321
0.364570937	6.597119331359863
0.36911253099999997	6.641621828079224
0.370882801	6.697529077529907
0.370182563	6.719708442687988
0.368666049	6.753122091293335
0.36560618899999997	6.796977996826172
0.359277299	6.847140550613403
0.351528026	6.897964715957642
0.341446255	6.947023868560791
0.335559249	6.996632814407349
0.333773787	7.029942989349365
0.33432871	7.052610158920288
0.337184872	7.099093437194824
0.339618418	7.147063493728638
0.34155690800000005	7.196402549743652
0.343132589	7.247064590454102
0.347673078	7.300514221191406
0.35548920300000003	7.330326795578003
0.360733859	7.353055953979492
0.366054621	7.401106119155884
0.371594506	7.447012901306152
0.375649688	7.4924232959747314
0.375637406	7.548178195953369
0.372915471	7.59697413444519
0.364681066	7.619533061981201
0.35706220699999996	7.653729200363159
0.349905313	7.697011709213257
0.34473362	7.746516466140747
0.33921859	7.799407720565796
0.336488243	7.8469719886779785
0.337804377	7.896963834762573
0.338372454	7.9231116771698
0.340238941	7.952962398529053
0.34171086700000003	7.99704122543335
0.343219726	8.047651767730713
0.34581500200000004	8.0968177318573
0.349977956	8.146381616592407
0.35580617299999995	8.197176694869995
0.36083936	8.229969263076782
0.362451101	8.252950191497803
0.362188352	8.287705898284912
0.360056845	8.34165096282959
0.357570621	8.396950721740723
0.357782992	8.4469473361969
0.359215279	8.49837589263916
0.359257305	8.519999742507935
0.359090103	8.557475090026855
0.358111662	8.596505880355835
0.354873628	8.646785974502563
0.354366057	8.696812391281128
0.35574060199999996	8.747929811477661
0.356955337	8.796249628067017
0.35698930199999995	8.819958448410034
0.356614473	8.853352546691895
0.356392469	8.896111011505127
0.357497978	8.946433544158936
0.358822523	9.000160455703735
0.359103258	9.046339988708496
0.359356403	9.091978549957275
0.358984835	9.120249032974243
0.35826751300000004	9.153306722640991
0.357948331	9.192249298095703
0.357698824	9.248047828674316
0.35897191300000003	9.296572208404541
0.360903592	9.346698760986328
0.36305052299999996	9.396732330322266
0.365860906	9.429986715316772
0.367275439	9.452875137329102
0.368335895	9.497540950775146
0.36943203300000005	9.546732187271118
0.369916728	9.596641063690186
0.369279063	9.646092414855957
0.368187699	9.69844651222229
0.367017492	9.722100734710693
0.367054017	9.75290846824646
0.367822562	9.796348810195923
0.369040266	9.84118938446045
0.369570946	9.896344184875488
0.369222573	9.949905157089233
0.367377128	9.996629238128662
0.364457694	10.01998496055603
0.362388528	10.054450750350952
0.360486185	10.09619927406311
0.359420665	10.147775650024414
0.361023034	10.199503898620605
0.36579021300000003	10.249761819839478
0.370114925	10.296494483947754
0.371911563	10.319658279418945
0.372518989	10.353219747543335
0.372907409	10.396167278289795
0.373354531	10.447877168655396
0.37306975	10.49619460105896
0.371596514	10.548012018203735
0.368916895	10.590888023376465
0.365949643	10.629441261291504
0.36383955700000004	10.652903318405151
0.362230989	10.69865345954895
0.35968731400000004	10.746465682983398
0.358455174	10.796513319015503
0.358966179	10.846924781799316
0.359746075	10.896363973617554
0.362575374	10.919064044952393
0.365124899	10.952716827392578
0.367886561	10.996437311172485
0.372247916	11.04769515991211
0.376558368	11.096199750900269
0.380197656	11.147917032241821
0.382752361	11.196086883544922
0.383751671	11.219905853271484
0.38355839199999997	11.252422332763672
0.382915576	11.296470165252686
0.381746766	11.3412344455719
0.380988786	11.39949345588684
0.378361176	11.441564083099365
0.374692812	11.496603012084961
0.370917027	11.519849061965942
0.369619287	11.558197259902954
0.369919202	11.596226930618286
0.370371796	11.647326231002808
0.370553258	11.696701765060425
0.37146089000000004	11.747318983078003
0.37371189699999996	11.796423435211182
0.37792866399999997	11.829721212387085
0.380707992	11.857973575592041
0.383084844	11.898406744003296
0.385813793	11.948366403579712
0.38736069100000003	11.995630025863647
0.38647398499999996	12.046653509140015
0.38457679300000003	12.089186429977417
0.38204802	12.119050741195679
0.38045653500000004	12.152929544448853
0.37879083500000005	12.196088075637817
0.376531214	12.248257637023926
0.374717754	12.289620161056519
0.373706716	12.348101377487183
0.370497262	12.390676498413086
0.368885929	12.419818878173828
0.368764799	12.452963590621948
0.369125366	12.491403579711914
0.370209105	12.547240734100342
0.373642368	12.596092462539673
0.379760837	12.649487018585205
0.38543355199999996	12.696216344833374
0.388614717	12.723815679550171
0.388620625	12.752652645111084
0.387758046	12.795867681503296
0.386153668	12.84793496131897
0.383699109	12.895264863967896
0.38091718999999996	12.942292213439941
Power (dBm)
25.710761160041862