Power (mW)	Time (sek)
0.297798746	0.10883522033691406
0.29778853099999997	0.13088083267211914
0.29780520699999996	0.17738556861877441
0.297799095	0.2005002498626709
0.297748775	0.23095464706420898
0.297751714	0.2739558219909668
0.29777520100000004	0.31827688217163086
0.29775977600000003	0.3740234375
0.2977736	0.41695451736450195
0.29776332699999997	0.4753873348236084
0.29778853099999997	0.4976513385772705
0.29775753499999996	0.5328772068023682
0.29778335	0.5743718147277832
0.29778238999999995	0.6187806129455566
0.29775331499999996	0.6753542423248291
0.297791732	0.7190580368041992
0.297749124	0.7744574546813965
0.29776874	0.807917594909668
0.297752704	0.8349688053131104
0.297749444	0.8663384914398193
0.297759718	0.9244582653045654
0.297739374	0.9672667980194092
0.29777328000000003	1.0165958404541016
0.297741382	1.0671653747558594
0.297761726	1.098886489868164
0.297725288	1.1330654621124268
0.29774708699999997	1.1665284633636475
0.29774592299999997	1.2157375812530518
0.297722989	1.2663252353668213
0.297760416	1.3259661197662354
0.297743885	1.3738701343536377
0.29777328000000003	1.3972055912017822
0.29775066699999997	1.4310126304626465
0.297744293	1.4741532802581787
0.297746563	1.523820400238037
0.297700346	1.574803352355957
0.297688413	1.6245272159576416
0.29751219	1.670006513595581
0.297481223	1.6972486972808838
0.297428604	1.733168125152588
0.297449267	1.7688825130462646
0.297453778	1.83378267288208
0.297489838	1.866461992263794
0.29751157899999997	1.9242956638336182
0.29749341799999995	1.9742465019226074
0.29755797	1.9972052574157715
0.29753183499999997	2.0306708812713623
0.297581922	2.0755929946899414
0.29761993200000003	2.124113082885742
0.297633873	2.1746416091918945
0.297706458	2.22426176071167
0.297684892	2.273958921432495
0.29769941499999997	2.302478313446045
0.29767811099999997	2.3368606567382812
0.297722319	2.3742425441741943
0.297707127	2.4240167140960693
0.297700055	2.474367141723633
0.29770578799999997	2.527743339538574
0.297591905	2.5743982791900635
0.297583174	2.5969810485839844
0.297433988	2.630518674850464
0.297471881	2.67434024810791
0.297522143	2.719151496887207
0.29824016400000003	2.776216745376587
0.29985373800000004	2.8187849521636963
0.299713342	2.8743948936462402
0.299619162	2.897270441055298
0.299671432	2.935234308242798
0.299475476	2.974194049835205
0.29938604	3.0247669219970703
0.29916330799999996	3.0743465423583984
0.299116829	3.1239748001098633
0.299214676	3.1744065284729004
0.299297913	3.197678565979004
0.299378677	3.2349326610565186
0.299470994	3.2756471633911133
0.299417035	3.3241512775421143
0.299091655	3.3738460540771484
0.29896671199999997	3.4242961406707764
0.298888277	3.467808246612549
0.298904139	3.4970510005950928
0.298692903	3.530782699584961
0.298589352	3.5736472606658936
0.298628438	3.6242880821228027
0.29794831099999997	3.6675469875335693
0.297322695	3.727388858795166
0.29700342599999996	3.7679591178894043
0.29681623	3.8072562217712402
0.296740065	3.8303403854370117
0.296651269	3.8662774562835693
0.296653132	3.9243123531341553
0.29667219499999997	3.9755516052246094
0.296359445	4.02604603767395
0.295948616	4.0675153732299805
0.29567899799999997	4.096929311752319
0.295756065	4.133784055709839
0.29585263100000003	4.167357683181763
0.29588490700000003	4.225254058837891
0.29644146	4.273500204086304
0.296410406	4.324136972427368
0.296088227	4.373960256576538
0.295855833	4.396878242492676
0.295159902	4.432903051376343
0.295192847	4.475489139556885
0.295394537	4.523975610733032
0.296066282	4.566329717636108
0.296710699	4.6266748905181885
0.296552462	4.675678730010986
0.296244194	4.699739456176758
0.296187121	4.730849027633667
0.296266779	4.775102138519287
0.296419428	4.815463066101074
0.296774291	4.875845432281494
0.297099003	4.919888019561768
0.297200633	4.975606441497803
0.297017017	4.9997382164001465
0.296881364	5.032557725906372
0.296963495	5.075811386108398
0.297263585	5.1168200969696045
0.297451508	5.17550253868103
0.297557039	5.216370105743408
0.297405611	5.266697883605957
0.297279388	5.299078702926636
0.297009596	5.330229759216309
0.297054445	5.374016284942627
0.297599734	5.417424201965332
0.298069004	5.473656892776489
0.298156519	5.523718595504761
0.298191066	5.573911905288696
0.29832081099999996	5.597134351730347
0.29820101899999996	5.635120868682861
0.29838856399999997	5.67426061630249
0.297722989	5.724049806594849
0.297864346	5.77349591255188
0.297523133	5.823590517044067
0.297327846	5.867086410522461
0.297070219	5.898829936981201
0.297003367	5.930127143859863
0.29716259500000003	5.973786115646362
0.297314604	6.02341890335083
0.29747636299999997	6.0754241943359375
0.297564518	6.1255316734313965
0.29758608400000003	6.166914939880371
0.29760575899999997	6.1967058181762695
0.29748340599999995	6.2305521965026855
0.297561928	6.268561124801636
0.297555729	6.325113534927368
0.297496008	6.368149518966675
0.297409802	6.423765659332275
0.297118386	6.47394323348999
0.297205494	6.4966020584106445
0.29743852800000004	6.530283212661743
0.297305582	6.573539972305298
0.29760706800000003	6.623589754104614
0.298008963	6.673885822296143
0.297851395	6.723467588424683
0.297842693	6.777270555496216
0.297726569	6.800307273864746
0.297366903	6.829885482788086
0.296936574	6.867278099060059
0.296520157	6.919314861297607
0.296507584	6.973845958709717
0.296568294	7.022745847702026
0.296733604	7.073568820953369
0.296877522	7.097827434539795
0.296988554	7.129920959472656
0.297163497	7.173718452453613
0.29735241	7.218946695327759
0.297276507	7.274963855743408
0.29735206	7.3234357833862305
0.297332386	7.373653173446655
0.297323044	7.397129535675049
0.297485094	7.434793472290039
0.297512452	7.473574638366699
0.297522201	7.5191545486450195
0.29746635099999996	7.573536396026611
0.297316554	7.625138282775879
0.297325838	7.673722982406616
0.297517632	7.696958541870117
0.297621154	7.73309850692749
0.29766000800000003	7.776390790939331
0.29766678900000004	7.8236236572265625
0.297655846	7.8732075691223145
0.297611579	7.922843933105469
0.297578314	7.969303846359253
0.297706225	7.997731447219849
0.29782526	8.030049800872803
0.297778461	8.068650484085083
0.29779426400000003	8.123317241668701
0.297808525	8.168595552444458
0.297858845	8.224961280822754
0.297892111	8.273673057556152
0.29788338	8.30662727355957
0.297866645	8.329877138137817
0.29782654000000003	8.373597383499146
0.297785562	8.42310905456543
0.297698454	8.465394496917725
0.297678722	8.525744199752808
0.297634862	8.56557035446167
0.29759740599999995	8.598438501358032
0.29756224800000003	8.633224725723267
0.29752182299999996	8.675029754638672
0.297493825	8.724928379058838
0.297461782	8.7752845287323
0.29744408699999997	8.825201749801636
0.29742665399999996	8.874906539916992
0.297452847	8.899325132369995
0.297466031	8.931616067886353
0.297444669	8.974565029144287
0.297430146	9.015338897705078
0.297400198	9.075073003768921
0.297386869	9.124915599822998
0.297400169	9.174954652786255
0.297472492	9.199666261672974
0.297475082	9.236360311508179
0.29745049	9.274780750274658
0.297438586	9.325976610183716
0.29745473899999997	9.374550819396973
0.297481543	9.424926042556763
0.29749824900000005	9.46751880645752
0.297525374	9.499353885650635
0.297513528	9.531268835067749
0.29750308000000003	9.574836015701294
0.29748209600000003	9.617660284042358
0.297474064	9.674529314041138
0.297475082	9.725508213043213
0.29747121200000004	9.772801399230957
0.297465653	9.807045936584473
0.297462509	9.831483125686646
0.297443126	9.873379230499268
0.29743206699999997	9.923088312149048
0.29744472699999996	9.965047121047974
0.29750148000000004	10.025639295578003
0.297507679	10.075205564498901
0.297496968	10.096765995025635
0.297505379	10.147759199142456
0.297496968	10.193253517150879
0.297543476	10.243305444717407
0.29753870299999996	10.293540239334106
0.297569291	10.343899965286255
0.297521183	10.391087293624878
0.29751183999999997	10.423559665679932
0.297497376	10.475044965744019
0.297512161	10.524497509002686
0.297552877	10.57465124130249
0.29756123	10.626762866973877
0.29756187	10.674731969833374
0.297572929	10.696109771728516
0.297576742	10.730015754699707
0.297587772	10.776026487350464
0.297588005	10.822917461395264
0.297605409	10.871528625488281
0.29756836	10.923116445541382
0.297557417	10.967785358428955
0.297554419	10.996401071548462
0.297557563	11.029886484146118
0.297561259	11.068772554397583
0.29755960000000004	11.12490725517273
0.29756219	11.172942876815796
0.29755636900000004	11.223189115524292
0.29756318000000004	11.26622462272644
0.297561579	11.296143054962158
0.29758133999999997	11.329879522323608
0.297579943	11.3728187084198
0.297563791	11.42294430732727
0.297544815	11.472999572753906
0.297540624	11.52278208732605
0.297543447	11.572845935821533
0.297525141	11.605625867843628
0.29752249199999997	11.629586696624756
0.297507679	11.673280954360962
0.297485065	11.717771053314209
0.297454419	11.773014545440674
0.297438848	11.822598457336426
0.297431194	11.872944355010986
0.297425926	11.896552085876465
0.297425955	11.929319143295288
0.29742362699999997	11.973013162612915
0.297412364	12.024600744247437
0.297388237	12.068771600723267
0.297391147	12.118513822555542
0.297392136	12.169061422348022
0.297362101	12.203270673751831
0.297371444	12.236164331436157
0.29735305	12.269563913345337
0.29736172299999997	12.324558019638062
0.297359104	12.37453818321228
0.297358842	12.425657033920288
0.297370483	12.47521710395813
0.297369494	12.506144285202026
0.297367253	12.535375595092773
0.297365623	12.574547290802002
0.297356921	12.624233722686768
0.297363644	12.669169187545776
0.29737240400000003	12.719611644744873
0.29737982500000004	12.768933057785034
0.29736239200000003	12.801415205001831
0.29739138	12.835889101028442
0.29739204900000005	12.86893343925476
0.297425664	12.91893982887268
Power (dBm)
24.73526848967888