Power (mW)	Time (sek)
0.447109	0.0831
0.447096	0.1130
0.447108	0.1429
0.447099	0.1938
0.447120	0.2471
0.447024	0.2941
0.447026	0.3444
0.447005	0.3946
0.447025	0.4254
0.447041	0.4560
0.447010	0.4942
0.447008	0.5441
0.447026	0.5937
0.447024	0.6464
0.447028	0.6946
0.447038	0.7247
0.447007	0.7554
0.447004	0.7948
0.447028	0.8439
0.447069	0.8942
0.447031	0.9439
0.447033	0.9952
0.447044	1.0265
0.447057	1.0573
0.447040	1.0943
0.447032	1.1440
0.447062	1.1944
0.447060	1.2457
0.447065	1.2946
0.447083	1.3251
0.447073	1.3557
0.447064	1.3938
0.447081	1.4473
0.447088	1.4942
0.447078	1.5447
0.447072	1.5943
0.447065	1.6251
0.447081	1.6557
0.447063	1.6942
0.447063	1.7444
0.447090	1.7939
0.447061	1.8457
0.447066	1.8951
0.447081	1.9265
0.447062	1.9579
0.447050	1.9936
0.447076	2.0434
0.447115	2.0935
0.447072	2.1439
0.447086	2.1942
0.447078	2.2266
0.447087	2.2567
0.447072	2.2937
0.447067	2.3442
0.447081	2.3937
0.447059	2.4436
0.447020	2.4947
0.447056	2.5253
0.447076	2.5559
0.447072	2.5939
0.447042	2.6450
0.447060	2.6933
0.447063	2.7441
0.447042	2.7945
0.447066	2.8248
0.447057	2.8550
0.447052	2.8937
0.447065	2.9439
0.447046	2.9933
0.447082	3.0456
0.447048	3.0946
0.447046	3.1254
0.447037	3.1558
0.447045	3.1943
0.447044	3.2454
0.447049	3.2933
0.447109	3.3437
0.447060	3.3945
0.447055	3.4253
0.447039	3.4566
0.447054	3.4937
0.447068	3.5434
0.447082	3.5939
0.447033	3.6442
0.447062	3.6945
0.447079	3.7253
0.447076	3.7558
0.447029	3.7940
0.447059	3.8462
0.447055	3.8941
0.447036	3.9438
0.447054	3.9947
0.447049	4.0258
0.447052	4.0564
0.447048	4.0935
0.447121	4.1434
0.447114	4.1933
0.447119	4.2469
0.447086	4.2948
0.447112	4.3253
0.447087	4.3554
0.447081	4.3933
0.447131	4.4432
0.447061	4.4935
0.447040	4.5445
0.447050	4.5941
0.447114	4.6246
0.447116	4.6545
0.447095	4.6934
0.447106	4.7433
0.447104	4.7935
0.447032	4.8434
0.447072	4.8940
0.447114	4.9238
0.447048	4.9535
0.447039	4.9934
0.447048	5.0456
0.447067	5.0936
0.447054	5.1434
0.447067	5.1941
0.447053	5.2240
0.447048	5.2543
0.447081	5.2939
0.447063	5.3432
0.447054	5.3935
0.447080	5.4456
0.447019	5.4941
0.447067	5.5241
0.447103	5.5541
0.447060	5.5935
0.447019	5.6435
0.447053	5.6938
0.447035	5.7437
0.447031	5.7947
0.447046	5.8246
0.447046	5.8548
0.447041	5.8939
0.447051	5.9442
0.447031	5.9940
0.447052	6.0441
0.447044	6.0947
0.447016	6.1255
0.447034	6.1563
0.447054	6.1944
0.447041	6.2476
0.447051	6.2936
0.447065	6.3444
0.447014	6.3949
0.447058	6.4255
0.447090	6.4563
0.447058	6.4942
0.447037	6.5443
0.447046	6.5936
0.447054	6.6453
0.447048	6.6943
0.447040	6.7252
0.447027	6.7566
0.447021	6.7941
0.447043	6.8444
0.447044	6.8937
0.447040	6.9442
0.447047	6.9944
0.447029	7.0252
0.447044	7.0560
0.447079	7.0939
0.447061	7.1438
0.447017	7.1940
0.447047	7.2457
0.447028	7.2945
0.447043	7.3258
0.447038	7.3567
0.447041	7.3935
0.447040	7.4452
0.447039	7.4937
0.447029	7.5440
0.447023	7.5944
0.447034	7.6256
0.447029	7.6567
0.447036	7.6942
0.447025	7.7436
0.447024	7.7936
0.447052	7.8463
0.447029	7.8945
0.446679	7.9257
0.445902	7.9573
0.444872	7.9939
0.444479	8.0436
0.445236	8.0936
0.446466	8.1438
0.443521	8.1944
0.444541	8.2260
0.443504	8.2565
0.447183	8.2936
0.447660	8.3433
0.448375	8.3933
0.447654	8.4434
0.448164	8.4947
0.444782	8.5260
0.444569	8.5569
0.447778	8.5940
0.450621	8.6461
0.445454	8.6939
0.447114	8.7445
0.448050	8.7940
0.446573	8.8245
0.448411	8.8545
0.447292	8.8932
0.446101	8.9433
0.446856	8.9931
0.448030	9.0451
0.446467	9.0940
0.447514	9.1252
0.447896	9.1556
0.447589	9.1936
0.445802	9.2450
0.448266	9.2932
0.447370	9.3436
0.446323	9.3946
0.447378	9.4253
0.447641	9.4555
0.447234	9.4935
0.447431	9.5436
0.447157	9.5934
0.447092	9.6436
0.447494	9.6943
0.447251	9.7244
0.447102	9.7548
0.447170	9.7937
0.447231	9.8454
0.447144	9.8935
0.447328	9.9438
0.447240	9.9945
0.447146	10.0250
0.447155	10.0551
0.447337	10.0936
0.447245	10.1438
0.447253	10.1938
0.447259	10.2475
0.447204	10.2942
0.447263	10.3249
0.447328	10.3550
0.447234	10.3937
0.447265	10.4434
0.447201	10.4934
0.447208	10.5437
0.447278	10.5945
0.447253	10.6251
0.447178	10.6551
0.447205	10.6938
0.447209	10.7435
0.447237	10.7935
0.447241	10.8435
0.447197	10.8945
0.447181	10.9254
0.447229	10.9553
0.447245	10.9935
0.447208	11.0457
0.447214	11.0934
0.447207	11.1438
0.447187	11.1945
0.447229	11.2254
0.447236	11.2559
0.447204	11.2939
0.447195	11.3437
0.447207	11.3935
0.447206	11.4454
0.447249	11.4942
0.447234	11.5243
0.447197	11.5552
0.447212	11.5936
0.447224	11.6435
0.447227	11.6933
0.447233	11.7438
0.447210	11.7943
0.447218	11.8251
0.447248	11.8559
0.447240	11.8936
0.447252	11.9434
0.447220	11.9935
0.447219	12.0437
0.447214	12.0942
0.447223	12.1248
0.447215	12.1558
0.447208	12.1935
0.447214	12.2469
0.447215	12.2935
0.447198	12.3444
0.447224	12.3941
0.447203	12.4244
0.447196	12.4548
0.447203	12.4939
0.447208	12.5434
0.447188	12.5935
0.447216	12.6459
0.447203	12.6943
0.447193	12.7249
0.447222	12.7557
0.447195	12.7938
0.447182	12.8435
0.447201	12.8933

Mean Power (dBm):	-3.4964
Mean Power (mW):	0.447058
