Power (mW)	Time (sek)
0.764513738	0.08301305770874023
0.7644785220000001	0.11358189582824707
0.764510711	0.14281845092773438
0.764526485	0.1878960132598877
0.7645233419999999	0.2371973991394043
0.764465891	0.287106990814209
0.7645426670000001	0.3369922637939453
0.76452666	0.37055039405822754
0.764411234	0.4058361053466797
0.7645330039999999	0.45728230476379395
0.764516764	0.5061366558074951
0.764517055	0.553175687789917
0.7644272990000001	0.6040341854095459
0.7644945289999999	0.6551837921142578
0.764529803	0.6870543956756592
0.764577824	0.7381429672241211
0.76454581	0.787198543548584
0.764504191	0.836552619934082
0.764465658	0.8890659809112549
0.7644880679999999	0.9365103244781494
0.764472061	0.9702510833740234
0.7644785220000001	1.0035734176635742
0.764488301	1.053222894668579
0.7644785220000001	1.103518009185791
0.764484983	1.1695823669433594
0.7645074510000001	1.2032899856567383
0.764581026	1.2532358169555664
0.764577824	1.2863991260528564
0.764561875	1.3377327919006348
0.764485041	1.386876106262207
0.764497672	1.437068223953247
0.764436903	1.486644983291626
0.7645104779999999	1.5370278358459473
0.764517055	1.5718390941619873
0.764472061	1.6023471355438232
0.764453143	1.6365175247192383
0.764446624	1.6864230632781982
0.7644624569999999	1.7369332313537598
0.764433586	1.7864711284637451
0.764513738	1.8371694087982178
0.764459372	1.8714587688446045
0.764504133	1.9025640487670898
0.764494704	1.9368302822113037
0.764443306	1.9880192279815674
0.7644015129999999	2.036803722381592
0.764443364	2.0871644020080566
0.7644432480000001	2.1369197368621826
0.764369732	2.170180559158325
0.764465658	2.2055747509002686
0.7644050059999999	2.253267526626587
0.7643471470000001	2.3055248260498047
0.764484867	2.3533968925476074
0.764443364	2.406686305999756
0.7644176370000001	2.4534077644348145
0.764433644	2.4882519245147705
0.764430617	2.536846399307251
0.764372759	2.5868453979492188
0.7644495929999999	2.6362717151641846
0.76435681	2.686845541000366
0.764468859	2.7364442348480225
0.7644049470000001	2.770172357559204
0.764375902	2.8035130500793457
0.764376076	2.8533480167388916
0.7643279390000001	2.903118371963501
0.764376135	2.9529221057891846
0.764385622	3.0030622482299805
0.764350465	3.053264856338501
0.764379103	3.0868916511535645
0.764465833	3.1368110179901123
0.764443306	3.187551259994507
0.764385564	3.23671293258667
0.764459022	3.2866480350494385
0.764433469	3.3366973400115967
0.764427416	3.372971773147583
0.764459372	3.403212308883667
0.764436903	3.4528284072875977
0.7644080320000001	3.5033562183380127
0.764417578	3.5534868240356445
0.764465658	3.603329658508301
0.764379103	3.6528165340423584
0.764372933	3.6877992153167725
0.764411408	3.73673939704895
0.764395343	3.787855625152588
0.764433586	3.836707592010498
0.764417753	3.8893566131591797
0.764385564	3.9367051124572754
0.764350465	3.969881296157837
0.764407858	4.005492210388184
0.7644050059999999	4.053224325180054
0.764366414	4.105203151702881
0.76443376	4.153140068054199
0.764440047	4.203321695327759
0.764472119	4.253195524215698
0.7644689760000001	4.286620616912842
0.764369615	4.337802886962891
0.764315191	4.386632442474365
0.764424098	4.436894416809082
0.7643951099999999	4.486639022827148
0.76443993	4.536819934844971
0.76445617	4.5674333572387695
0.764401804	4.59644079208374
0.7644560539999999	4.636098146438599
0.76441461	4.686397075653076
0.764497672	4.736751317977905
0.7644079159999999	4.787433624267578
0.764510711	4.836340427398682
0.764408149	4.869237899780273
0.764433469	4.903151273727417
0.764446682	4.953447103500366
0.764382537	5.00317907333374
0.76438894	5.053292274475098
0.7644432480000001	5.103184223175049
0.764408207	5.153128623962402
0.764382421	5.187760829925537
0.764395285	5.2383482456207275
0.764318393	5.286730766296387
0.764331198	5.3365678787231445
0.7643085559999999	5.386603355407715
0.764366298	5.436159133911133
0.7643406279999999	5.4720377922058105
0.7643952270000001	5.502431154251099
0.764228695	5.536193609237671
0.764273515	5.586473226547241
0.7643344	5.635995388031006
0.764372933	5.686128854751587
0.764343829	5.735936641693115
0.764263794	5.769803762435913
0.764263968	5.803065538406372
0.764302386	5.852806329727173
0.764260534	5.902729272842407
0.764372759	5.952830791473389
0.764257333	6.003262042999268
0.764334342	6.053102731704712
0.764321303	6.086990594863892
0.764347089	6.138083457946777
0.764299009	6.186408042907715
0.7643277639999999	6.239623785018921
0.76434412	6.2864062786102295
0.7644495339999999	6.337575674057007
0.764388766	6.367207765579224
0.7644050059999999	6.39612889289856
0.764401804	6.436429023742676
0.764408149	6.4861578941345215
0.764401688	6.536366939544678
0.764401804	6.587196111679077
0.764392142	6.636311292648315
0.7644178699999999	6.671480178833008
0.76447858	6.7020745277404785
0.764411292	6.73626184463501
0.764443306	6.785755395889282
0.764455937	6.836164951324463
0.764359895	6.888485431671143
0.7643823630000001	6.936263561248779
0.7643888240000001	6.969460725784302
0.764430384	7.002546787261963
0.764417695	7.052510499954224
0.764430384	7.102395296096802
0.7644143769999999	7.153049945831299
0.764407974	7.202747106552124
0.7644080320000001	7.253040313720703
0.764392025	7.288055419921875
0.7643823049999999	7.336361646652222
0.764337659	7.386228084564209
0.764382537	7.436387777328491
0.764417753	7.486084461212158
0.764315017	7.537362575531006
0.764414493	7.5629096031188965
0.764452969	7.596546173095703
0.764138938	7.635990858078003
0.765151111	7.686017036437988
0.764840457	7.735999822616577
0.764590688	7.785666465759277
0.764808559	7.835594892501831
0.764465891	7.869368314743042
0.7646483719999999	7.903034687042236
0.764577882	7.952949523925781
0.7642285200000001	8.002459287643433
0.764392142	8.05287504196167
0.7645266009999999	8.102916240692139
0.76438894	8.152350664138794
0.7643823049999999	8.1862211227417
0.764299009	8.238502979278564
0.7643823630000001	8.286043405532837
0.764436787	8.336415767669678
0.764247845	8.38583517074585
0.764312106	8.436163425445557
0.764347089	8.471368551254272
0.764366472	8.502379655838013
0.764420955	8.552793025970459
0.764449884	8.602758407592773
0.764318393	8.653014183044434
0.7643952270000001	8.705767154693604
0.764350465	8.752768754959106
0.764311815	8.788222312927246
0.7643470309999999	8.836003065109253
0.7642576820000001	8.888704776763916
0.764247845	8.93684196472168
0.764372875	8.98709511756897
0.764273515	9.036035537719727
0.76426717	9.069544315338135
0.764337368	9.10549020767212
0.764286378	9.152344465255737
0.764324737	9.205400466918945
0.764283119	9.252482175827026
0.764148426	9.305695295333862
0.764232071	9.352776050567627
0.764247845	9.387741565704346
0.764167751	9.435391426086426
0.764110009	9.485695838928223
0.764286204	9.53557014465332
0.764180615	9.585820436477661
0.764231721	9.635436534881592
0.764199765	9.669256687164307
0.7641645499999999	9.702289342880249
0.764106866	9.75234866142273
0.7642220590000001	9.802204132080078
0.764145341	9.851816654205322
0.764190103	9.902376890182495
0.764193479	9.955766201019287
0.764158089	9.985630989074707
0.764174154	10.03598427772522
0.764241384	10.087259292602539
0.7641550039999999	10.137848377227783
0.764215831	10.185551643371582
0.76421909	10.24004340171814
0.764222234	10.268858432769775
0.764283177	10.302215099334717
0.764212687	10.35631251335144
0.764174212	10.402598857879639
0.7641709529999999	10.452561616897583
0.7641516859999999	10.502326726913452
0.764122931	10.556182146072388
0.764177239	10.58534026145935
0.76419668	10.64029335975647
0.764094002	10.686911582946777
0.764206052	10.737859964370728
0.764045864	10.78712010383606
0.76413888	10.837896585464478
0.764129218	10.868278503417969
0.7640941179999999	10.895627975463867
0.76410023	10.938552141189575
0.764036376	10.985646963119507
0.7641036649999999	11.040013551712036
0.764052384	11.085655450820923
0.764065131	11.137839794158936
0.764045981	11.168254852294922
0.764081255	11.196058750152588
0.764061813	11.237919092178345
0.7641101840000001	11.285201787948608
0.764122698	11.33682918548584
0.76405867	11.385654926300049
0.764126016	11.438318729400635
0.76405867	11.468899250030518
0.764129276	11.502253532409668
0.7641164699999999	11.556622982025146
0.764049124	11.602439880371094
0.764058845	11.655524969100952
0.764052325	11.70175576210022
0.764110126	11.754478454589844
0.7641355040000001	11.78508186340332
0.764135621	11.840950727462769
0.7641069239999999	11.885475397109985
0.7641870759999999	11.93795108795166
0.764119497	11.987955093383789
0.764097145	12.038965940475464
0.764113327	12.06918478012085
0.764036202	12.095180749893188
0.764109893	12.138477325439453
0.7641195550000001	12.187612771987915
0.76418696	12.239404678344727
0.764045981	12.285569429397583
0.764132536	12.337859392166138
0.764033175	12.368072032928467
0.7641069239999999	12.39574384689331
0.764068391	12.438338994979858
0.7641101840000001	12.48536205291748
0.7641195550000001	12.537766218185425
0.76411973	12.585387229919434
0.7641134430000001	12.64001989364624
0.764068333	12.668743133544922
0.7641005209999999	12.702463865280151
0.764094002	12.751728534698486
0.764126075	12.802307605743408
0.764026714	12.851469278335571
0.7639915570000001	12.901849508285522
0.764000986	12.951630592346191
0.764029974	12.98538613319397
0.764029974	13.040266752243042
0.7639979589999999	13.085352420806885
0.763994758	13.137723922729492
0.763940276	13.187353372573853
0.76407491	13.237762212753296
0.764081255	13.267975807189941
0.764094002	13.295105457305908
0.7640234539999999	13.338452577590942
0.763917691	13.385011911392212
0.7640139669999999	13.440014600753784
0.7640203689999999	13.48527193069458
0.764010765	13.537723779678345
0.764052325	13.567950963973999
Power (dBm)
28.83275986474912