Power (mW)	Time (sek)
0.5578951679999999	0.11201119422912598
0.557885272	0.11201119422912598
0.557881605	0.11201119422912598
0.557877065	0.11201119422912598
0.557894935	0.11201119422912598
0.557916937	0.11201119422912598
0.5578974959999999	0.11201119422912598
0.5579398130000001	0.11201119422912598
0.5579293940000001	0.11201119422912598
0.557949184	0.11201119422912598
0.557882653	0.11201119422912598
0.557939056	0.11201119422912598
0.5579817229999999	0.11201119422912598
0.5579621069999999	0.11201119422912598
0.557937252	0.11201119422912598
0.55797823	0.11201119422912598
0.558016647	0.11201119422912598
0.558027183	0.11201119422912598
0.5580306749999999	0.11201119422912598
0.557946914	0.11201119422912598
0.558030093	0.11201119422912598
0.558077823	0.11201119422912598
0.558026892	0.11201119422912598
0.55798114	0.11201119422912598
0.558006461	0.11201119422912598
0.558051339	0.11201119422912598
0.558113272	0.11201119422912598
0.558086322	0.11201119422912598
0.5580155410000001	0.11201119422912598
0.558047206	0.11201119422912598
0.558117172	0.11201119422912598
0.5580980209999999	0.11201119422912598
0.558097323	0.11201119422912598
0.558047614	0.11201119422912598
0.558063795	0.11201119422912598
0.558091793	0.11201119422912598
0.558125554	0.11201119422912598
0.558104075	0.11201119422912598
0.5580831199999999	0.11201119422912598
0.5580941220000001	0.11201119422912598
0.558097556	0.11201119422912598
0.5581256699999999	0.11201119422912598
0.558072119	0.11201119422912598
0.5580803849999999	0.11201119422912598
0.5580944710000001	0.11201119422912598
0.558127649	0.11201119422912598
0.558144762	0.11201119422912598
0.5569042989999999	0.11201119422912598
0.557860709	0.11201119422912598
0.557881605	0.11201119422912598
0.557952328	0.11201119422912598
0.557984924	0.11201119422912598
0.558073167	0.11201119422912598
0.558295869	0.11201119422912598
0.558640924	0.11201119422912598
0.558705477	0.11201119422912598
0.558527478	0.11201119422912598
0.5579749119999999	0.11201119422912598
0.557776017	0.11201119422912598
0.5572928349999999	0.11201119422912598
0.556910294	0.11201119422912598
0.556613319	0.11201119422912598
0.55572117	0.11201119422912598
0.555330305	0.11201119422912598
0.554773316	0.11201119422912598
0.55464654	0.11201119422912598
0.554420927	0.11201119422912598
0.554036757	0.11201119422912598
0.553808815	0.11201119422912598
0.5535180679999999	0.11201119422912598
0.553358579	0.11201119422912598
0.55313739	0.11201119422912598
0.553036109	0.11201119422912598
0.552930753	0.11201119422912598
0.5528190519999999	0.11201119422912598
0.552730053	0.11201119422912598
0.552614685	0.11201119422912598
0.552514102	0.11201119422912598
0.552464684	0.11201119422912598
0.552389713	0.11201119422912598
0.552345184	0.11201119422912598
0.5522616560000001	0.11201119422912598
0.5521769639999999	0.11201119422912598
0.5520760309999999	0.11201119422912598
0.551940408	0.11201119422912598
0.551831268	0.11201119422912598
0.551813224	0.11201119422912598
0.551769335	0.11201119422912598
0.551747624	0.11201119422912598
0.551688659	0.11201119422912598
0.5516499509999999	0.11201119422912598
0.551602163	0.11201119422912598
0.551600184	0.11201119422912598
0.551593432	0.11201119422912598
0.551577657	0.11201119422912598
0.5515597879999999	0.11201119422912598
0.551529869	0.11201119422912598
0.551570149	0.11201119422912598
0.551590812	0.11201119422912598
0.5515875530000001	0.11201119422912598
0.551542966	0.11201119422912598
0.5515705559999999	0.11201119422912598
0.5515878439999999	0.11201119422912598
0.551587029	0.11201119422912598
0.551607634	0.11201119422912598
0.551579462	0.11201119422912598
0.55159023	0.11201119422912598
0.551597972	0.11201119422912598
0.551619858	0.11201119422912598
0.551623176	0.11201119422912598
0.551597332	0.11201119422912598
0.5515989609999999	0.11201119422912598
0.551593432	0.11201119422912598
0.551630219	0.11201119422912598
0.551619276	0.11201119422912598
0.5516186359999999	0.11201119422912598
0.551620557	0.11201119422912598
0.5516224190000001	0.11201119422912598
0.5516331289999999	0.11201119422912598
0.551630219	0.11201119422912598
0.55164576	0.11201119422912598
0.5516436650000001	0.11201119422912598
0.55168476	0.11201119422912598
0.551701291	0.11201119422912598
0.551719859	0.11201119422912598
0.551719975	0.11201119422912598
0.55173767	0.11201119422912598
0.551811303	0.11201119422912598
0.551830395	0.11201119422912598
0.551862584	0.11201119422912598
0.5518597900000001	0.11201119422912598
0.551875448	0.11201119422912598
0.551939418	0.11201119422912598
0.551986508	0.11201119422912598
0.552046928	0.11201119422912598
0.552056299	0.11201119422912598
0.552093436	0.11201119422912598
0.5521532729999999	0.11201119422912598
0.552201469	0.11201119422912598
0.5522803989999999	0.11201119422912598
0.552297162	0.11201119422912598
0.552371144	0.11201119422912598
0.55242097	0.11201119422912598
0.552451063	0.11201119422912598
0.552486861	0.11201119422912598
0.552518177	0.11201119422912598
0.552583719	0.11201119422912598
0.552649901	0.11201119422912598
0.552726386	0.11201119422912598
0.552722078	0.11201119422912598
0.5527646860000001	0.11201119422912598
0.552794547	0.11201119422912598
0.552847807	0.11201119422912598
0.552917481	0.11201119422912598
0.552963349	0.11201119422912598
0.553018879	0.11201119422912598
0.5530202759999999	0.11201119422912598
0.55307016	0.11201119422912598
0.553111895	0.11201119422912598
0.553146296	0.11201119422912598
0.553214108	0.11201119422912598
0.5532449580000001	0.11201119422912598
0.553314807	0.11201119422912598
0.55333972	0.11201119422912598
0.5533750519999999	0.11201119422912598
0.553421734	0.11201119422912598
0.553469115	0.11201119422912598
0.55351702	0.11201119422912598
0.5535441449999999	0.11201119422912598
0.553615158	0.11201119422912598
0.5536279639999999	0.11201119422912598
0.553671038	0.11201119422912598
0.55371644	0.11201119422912598
0.553724589	0.11201119422912598
0.5538126569999999	0.11201119422912598
0.553839782	0.11201119422912598
0.5539004919999999	0.11201119422912598
0.5539073029999999	0.11201119422912598
0.553945953	0.11201119422912598
0.553983729	0.11201119422912598
0.554019236	0.11201119422912598
0.5540660930000001	0.11201119422912598
0.554087048	0.11201119422912598
0.5541370480000001	0.11201119422912598
0.55416848	0.11201119422912598
0.5541941499999999	0.11201119422912598
0.554231985	0.11201119422912598
0.554252358	0.11201119422912598
0.554299797	0.11201119422912598
0.554325699	0.11201119422912598
0.5543750009999999	0.11201119422912598
0.554388738	0.11201119422912598
0.5544092860000001	0.11201119422912598
0.554432394	0.11201119422912598
0.554471626	0.11201119422912598
0.55451307	0.11201119422912598
0.55452477	0.11201119422912598
0.554568716	0.11201119422912598
0.5545745369999999	0.11201119422912598
0.5546314059999999	0.11201119422912598
0.554653001	0.11201119422912598
0.554664235	0.11201119422912598
0.554718717	0.11201119422912598
0.5547436889999999	0.11201119422912598
0.554799859	0.11201119422912598
0.55479561	0.11201119422912598
0.5548193	0.11201119422912598
0.554854283	0.11201119422912598
0.554872327	0.11201119422912598
0.554924423	0.11201119422912598
0.554941245	0.11201119422912598
0.554963248	0.11201119422912598
0.554989383	0.11201119422912598
0.55501936	0.11201119422912598
0.555049628	0.11201119422912598
0.5550656350000001	0.11201119422912598
0.555097708	0.11201119422912598
0.555142993	0.11201119422912598
0.555177859	0.11201119422912598
0.555185194	0.11201119422912598
0.555207196	0.11201119422912598
0.555234961	0.11201119422912598
0.555244333	0.11201119422912598
0.555298175	0.11201119422912598
0.5553104569999999	0.11201119422912598
0.5553582450000001	0.11201119422912598
0.555358885	0.11201119422912598
0.55538601	0.11201119422912598
0.555404113	0.11201119422912598
0.555432285	0.11201119422912598
0.555456849	0.11201119422912598
0.5554664530000001	0.11201119422912598
0.555515173	0.11201119422912598
0.555522915	0.11201119422912598
0.555543578	0.11201119422912598
0.555566163	0.11201119422912598
0.555575476	0.11201119422912598
0.55562146	0.11201119422912598
0.555640261	0.11201119422912598
0.555688748	0.11201119422912598
0.5556804830000001	0.11201119422912598
0.5557165129999999	0.11201119422912598
0.55572635	0.11201119422912598
0.555739738	0.11201119422912598
0.55577117	0.11201119422912598
0.555782404	0.11201119422912598
0.555819948	0.11201119422912598
0.555824081	0.11201119422912598
0.555840612	0.11201119422912598
0.555849343	0.11201119422912598
0.555860752	0.11201119422912598
0.555899634	0.11201119422912598
0.5559056880000001	0.11201119422912598
0.555952836	0.11201119422912598
0.555952196	0.11201119422912598
0.555986422	0.11201119422912598
0.556002953	0.11201119422912598
0.556011335	0.11201119422912598
0.556027109	0.11201119422912598
0.556051265	0.11201119422912598
0.556085608	0.11201119422912598
0.556064595	0.11201119422912598
0.556062558	0.11201119422912598
0.556093932	0.11201119422912598
0.556134852	0.11201119422912598
0.556159765	0.11201119422912598
0.55614399	0.11201119422912598
0.556173676	0.11201119422912598
0.556190731	0.11201119422912598
0.556208775	0.11201119422912598
0.556224724	0.11201119422912598
0.556214363	0.11201119422912598
0.556237239	0.11201119422912598
0.556265353	0.11201119422912598
0.556306448	0.11201119422912598
0.556291721	0.11201119422912598
0.55630476	0.11201119422912598
0.556318031	0.11201119422912598
0.556328217	0.11201119422912598
0.5563581940000001	0.11201119422912598
0.5563714660000001	0.11201119422912598
0.5563918379999999	0.11201119422912598
0.556403829	0.11201119422912598
0.55643043	0.11201119422912598
0.556436135	0.11201119422912598
0.556443469	0.11201119422912598
0.556460931	0.11201119422912598
0.556492596	0.11201119422912598
0.5565181490000001	0.11201119422912598
0.556520361	0.11201119422912598
0.556540093	0.11201119422912598
0.5565497559999999	0.11201119422912598
0.556551036	0.11201119422912598
0.556575833	0.11201119422912598
0.5565945179999999	0.11201119422912598
0.5566175680000001	0.11201119422912598
0.556619547	0.11201119422912598
0.556646497	0.11201119422912598
0.556644693	0.11201119422912598
0.55666198	0.11201119422912598
Power (dBm)
27.441809060346447