Power (mW)	Time (sek)
0.549291435	0.13810181617736816
0.549269782	0.13810181617736816
0.549301214	0.13810181617736816
0.549294986	0.13810181617736816
0.5492625640000001	0.13810181617736816
0.549262681	0.13810181617736816
0.5492998170000001	0.13810181617736816
0.549313962	0.13810181617736816
0.549307326	0.13810181617736816
0.54931402	0.13810181617736816
0.5492953930000001	0.13810181617736816
0.549342076	0.13810181617736816
0.549348013	0.13810181617736816
0.549344288	0.13810181617736816
0.549355173	0.13810181617736816
0.549326593	0.13810181617736816
0.54937019	0.13810181617736816
0.5493809000000001	0.13810181617736816
0.5493903299999999	0.13810181617736816
0.549352204	0.13810181617736816
0.549342774	0.13810181617736816
0.549344055	0.13810181617736816
0.549395685	0.13810181617736816
0.54943905	0.13810181617736816
0.54938969	0.13810181617736816
0.5493711800000001	0.13810181617736816
0.54937473	0.13810181617736816
0.549423916	0.13810181617736816
0.54944132	0.13810181617736816
0.5494170469999999	0.13810181617736816
0.549436838	0.13810181617736816
0.54942345	0.13810181617736816
0.54943643	0.13810181617736816
0.549442309	0.13810181617736816
0.549455173	0.13810181617736816
0.549399003	0.13810181617736816
0.5493711800000001	0.13810181617736816
0.549285905	0.13810181617736816
0.549458666	0.13810181617736816
0.549465884	0.13810181617736816
0.549411634	0.13810181617736816
0.549398945	0.13810181617736816
0.549383753	0.13810181617736816
0.549358723	0.13810181617736816
0.549309247	0.13810181617736816
0.549183984	0.13810181617736816
0.5489250179999999	0.13810181617736816
0.548768265	0.13810181617736816
0.5486788579999999	0.13810181617736816
0.548530952	0.13810181617736816
0.548270473	0.13810181617736816
0.548040553	0.13810181617736816
0.547878502	0.13810181617736816
0.54780714	0.13810181617736816
0.54771686	0.13810181617736816
0.547628617	0.13810181617736816
0.547485542	0.13810181617736816
0.547300151	0.13810181617736816
0.5472613270000001	0.13810181617736816
0.547190488	0.13810181617736816
0.5470809409999999	0.13810181617736816
0.546988624	0.13810181617736816
0.54696732	0.13810181617736816
0.546939496	0.13810181617736816
0.546878146	0.13810181617736816
0.5467851880000001	0.13810181617736816
0.54670457	0.13810181617736816
0.546718366	0.13810181617736816
0.546718424	0.13810181617736816
0.5467109729999999	0.13810181617736816
0.5466734870000001	0.13810181617736816
0.5466007279999999	0.13810181617736816
0.546606723	0.13810181617736816
0.5466179569999999	0.13810181617736816
0.5466192379999999	0.13810181617736816
0.546564814	0.13810181617736816
0.546549913	0.13810181617736816
0.5465383290000001	0.13810181617736816
0.5465548020000001	0.13810181617736816
0.546570343	0.13810181617736816
0.5465337889999999	0.13810181617736816
0.546573428	0.13810181617736816
0.546563184	0.13810181617736816
0.54658117	0.13810181617736816
0.546556083	0.13810181617736816
0.546553114	0.13810181617736816
0.5466166769999999	0.13810181617736816
0.546625408	0.13810181617736816
0.546634255	0.13810181617736816
0.5466337320000001	0.13810181617736816
0.546660565	0.13810181617736816
0.546673255	0.13810181617736816
0.546703581	0.13810181617736816
0.546728377	0.13810181617736816
0.546715513	0.13810181617736816
0.546756084	0.13810181617736816
0.5467740120000001	0.13810181617736816
0.546808878	0.13810181617736816
0.546831812	0.13810181617736816
0.546855561	0.13810181617736816
0.546870462	0.13810181617736816
0.546874304	0.13810181617736816
0.5469034079999999	0.13810181617736816
0.546942116	0.13810181617736816
0.5469794849999999	0.13810181617736816
0.546965224	0.13810181617736816
0.546962663	0.13810181617736816
0.547041302	0.13810181617736816
0.5470357140000001	0.13810181617736816
0.54703909	0.13810181617736816
0.547023315	0.13810181617736816
0.547066098	0.13810181617736816
0.547112199	0.13810181617736816
0.547127274	0.13810181617736816
0.547116855	0.13810181617736816
0.5471153999999999	0.13810181617736816
0.547170988	0.13810181617736816
0.547181931	0.13810181617736816
0.547208358	0.13810181617736816
0.5472084740000001	0.13810181617736816
0.547195785	0.13810181617736816
0.547248463	0.13810181617736816
0.547277508	0.13810181617736816
0.547300384	0.13810181617736816
0.547296251	0.13810181617736816
0.547316275	0.13810181617736816
0.547318836	0.13810181617736816
0.547334726	0.13810181617736816
0.547379837	0.13810181617736816
0.5474212810000001	0.13810181617736816
0.547426287	0.13810181617736816
0.547427277	0.13810181617736816
0.547454052	0.13810181617736816
0.54749992	0.13810181617736816
0.547515345	0.13810181617736816
0.547523145	0.13810181617736816
0.547518022	0.13810181617736816
0.5475489889999999	0.13810181617736816
0.547569653	0.13810181617736816
0.5475999789999999	0.13810181617736816
0.547619944	0.13810181617736816
0.54761715	0.13810181617736816
0.547658768	0.13810181617736816
0.547727162	0.13810181617736816
0.547716394	0.13810181617736816
0.547665579	0.13810181617736816
0.547698641	0.13810181617736816
0.547762495	0.13810181617736816
0.547786185	0.13810181617736816
0.5477259400000001	0.13810181617736816
0.5478016680000001	0.13810181617736816
0.5478822280000001	0.13810181617736816
0.547833974	0.13810181617736816
0.547820702	0.13810181617736816
0.547836302	0.13810181617736816
0.547861331	0.13810181617736816
0.5479379910000001	0.13810181617736816
0.547922507	0.13810181617736816
0.547948875	0.13810181617736816
0.547941483	0.13810181617736816
0.547945674	0.13810181617736816
0.547947304	0.13810181617736816
0.547964126	0.13810181617736816
0.5480183169999999	0.13810181617736816
0.547996024	0.13810181617736816
0.547966105	0.13810181617736816
0.548000156	0.13810181617736816
0.548066455	0.13810181617736816
0.548051612	0.13810181617736816
0.548014534	0.13810181617736816
0.5480380499999999	0.13810181617736816
0.548063486	0.13810181617736816
0.548120704	0.13810181617736816
0.5481109839999999	0.13810181617736816
0.548084499	0.13810181617736816
0.548076816	0.13810181617736816
0.54808869	0.13810181617736816
0.548218843	0.13810181617736816
0.548141019	0.13810181617736816
0.548091659	0.13810181617736816
0.548081589	0.13810181617736816
0.548146141	0.13810181617736816
0.548223674	0.13810181617736816
0.54820627	0.13810181617736816
0.5481345	0.13810181617736816
0.548233977	0.13810181617736816
0.548237877	0.13810181617736816
0.548210111	0.13810181617736816
0.54819457	0.13810181617736816
0.5481800760000001	0.13810181617736816
0.548250391	0.13810181617736816
0.5482998090000001	0.13810181617736816
0.5482423	0.13810181617736816
0.548233627	0.13810181617736816
0.548227457	0.13810181617736816
0.5482794950000001	0.13810181617736816
0.548323093	0.13810181617736816
0.548289507	0.13810181617736816
0.548279146	0.13810181617736816
0.548283686	0.13810181617736816
0.548290147	0.13810181617736816
0.548303011	0.13810181617736816
0.548325654	0.13810181617736816
0.548315176	0.13810181617736816
0.54828974	0.13810181617736816
0.5483159910000001	0.13810181617736816
0.5483343270000001	0.13810181617736816
0.548354292	0.13810181617736816
0.548360054	0.13810181617736816
0.548356911	0.13810181617736816
0.548320881	0.13810181617736816
0.548298471	0.13810181617736816
0.548369775	0.13810181617736816
0.548393757	0.13810181617736816
0.548354117	0.13810181617736816
0.5483363640000001	0.13810181617736816
0.548367272	0.13810181617736816
0.548422453	0.13810181617736816
0.548437005	0.13810181617736816
0.548380776	0.13810181617736816
0.548358541	0.13810181617736816
0.548445096	0.13810181617736816
0.548461219	0.13810181617736816
0.548487762	0.13810181617736816
0.54845144	0.13810181617736816
0.5484167489999999	0.13810181617736816
0.548476761	0.13810181617736816
0.548492535	0.13810181617736816
0.548490032	0.13810181617736816
0.548447133	0.13810181617736816
0.548438926	0.13810181617736816
0.54846803	0.13810181617736816
0.548509997	0.13810181617736816
0.548502139	0.13810181617736816
0.5484621510000001	0.13810181617736816
0.5484808929999999	0.13810181617736816
0.5484850840000001	0.13810181617736816
0.5485138970000001	0.13810181617736816
0.548513199	0.13810181617736816
0.548487296	0.13810181617736816
0.548528042	0.13810181617736816
0.548544456	0.13810181617736816
0.5485503350000001	0.13810181617736816
0.5485267030000001	0.13810181617736816
0.548538344	0.13810181617736816
0.548552896	0.13810181617736816
0.5485879960000001	0.13810181617736816
0.5485638979999999	0.13810181617736816
0.54856611	0.13810181617736816
0.5485606959999999	0.13810181617736816
0.5485835139999999	0.13810181617736816
0.548581011	0.13810181617736816
0.548585725	0.13810181617736816
0.548588519	0.13810181617736816
0.548599404	0.13810181617736816
0.548616692	0.13810181617736816
0.548607844	0.13810181617736816
0.548607844	0.13810181617736816
0.5486155859999999	0.13810181617736816
0.548599695	0.13810181617736816
0.548625307	0.13810181617736816
0.548641838	0.13810181617736816
0.548637821	0.13810181617736816
0.54863072	0.13810181617736816
0.548650976	0.13810181617736816
0.548649172	0.13810181617736816
0.5486384620000001	0.13810181617736816
0.548675423	0.13810181617736816
0.548676879	0.13810181617736816
0.548708369	0.13810181617736816
0.5487191370000001	0.13810181617736816
0.548720884	0.13810181617736816
0.548732467	0.13810181617736816
0.548733748	0.13810181617736816
0.548748241	0.13810181617736816
0.5487478920000001	0.13810181617736816
0.548767624	0.13810181617736816
0.548756041	0.13810181617736816
0.548774959	0.13810181617736816
0.548781769	0.13810181617736816
0.548779499	0.13810181617736816
0.548789918	0.13810181617736816
0.548789278	0.13810181617736816
0.548807671	0.13810181617736816
0.5488040040000001	0.13810181617736816
0.54881064	0.13810181617736816
0.548823096	0.13810181617736816
0.548813492	0.13810181617736816
0.548835145	0.13810181617736816
0.548827928	0.13810181617736816
0.54884702	0.13810181617736816
0.548827928	0.13810181617736816
0.5488466120000001	0.13810181617736816
0.548839627	0.13810181617736816
0.548817974	0.13810181617736816
0.5488428870000001	0.13810181617736816
0.54884539	0.13810181617736816
0.54886326	0.13810181617736816
0.54886163	0.13810181617736816
0.548875134	0.13810181617736816
Power (dBm)
27.388826841294843