Power (mW)	Time (sek)
0.544227369	0.13962769508361816
0.5442265540000001	0.13962769508361816
0.544234121	0.13962769508361816
0.5442383120000001	0.13962769508361816
0.544242735	0.13962769508361816
0.544251932	0.13962769508361816
0.544248673	0.13962769508361816
0.544267008	0.13962769508361816
0.544261246	0.13962769508361816
0.5442494880000001	0.13962769508361816
0.5442677069999999	0.13962769508361816
0.544275332	0.13962769508361816
0.544276729	0.13962769508361816
0.544283772	0.13962769508361816
0.5442786500000001	0.13962769508361816
0.5442926189999999	0.13962769508361816
0.544305309	0.13962769508361816
0.5443106059999999	0.13962769508361816
0.544321723	0.13962769508361816
0.5443387199999999	0.13962769508361816
0.544325507	0.13962769508361816
0.544330862	0.13962769508361816
0.544333481	0.13962769508361816
0.544339302	0.13962769508361816
0.544352282	0.13962769508361816
0.5443583359999999	0.13962769508361816
0.5443539700000001	0.13962769508361816
0.544367707	0.13962769508361816
0.544372248	0.13962769508361816
0.5443668340000001	0.13962769508361816
0.544378476	0.13962769508361816
0.544378709	0.13962769508361816
0.5443984409999999	0.13962769508361816
0.5443835979999999	0.13962769508361816
0.544397102	0.13962769508361816
0.544365845	0.13962769508361816
0.544219045	0.13962769508361816
0.54453651	0.13962769508361816
0.5450249300000001	0.13962769508361816
0.544971379	0.13962769508361816
0.5450549069999999	0.13962769508361816
0.547648815	0.13962769508361816
0.546493859	0.13962769508361816
0.54576894	0.13962769508361816
0.5450295869999999	0.13962769508361816
0.544021081	0.13962769508361816
0.543730916	0.13962769508361816
0.5432173490000001	0.13962769508361816
0.5431596070000001	0.13962769508361816
0.54289645	0.13962769508361816
0.542871596	0.13962769508361816
0.54272695	0.13962769508361816
0.542655878	0.13962769508361816
0.54273149	0.13962769508361816
0.542534224	0.13962769508361816
0.542493188	0.13962769508361816
0.54255774	0.13962769508361816
0.54241583	0.13962769508361816
0.542493246	0.13962769508361816
0.5423579129999999	0.13962769508361816
0.5424428379999999	0.13962769508361816
0.542430964	0.13962769508361816
0.542338006	0.13962769508361816
0.542423164	0.13962769508361816
0.5423282859999999	0.13962769508361816
0.5424012199999999	0.13962769508361816
0.542338239	0.13962769508361816
0.542356691	0.13962769508361816
0.542393478	0.13962769508361816
0.542330788	0.13962769508361816
0.542345399	0.13962769508361816
0.5422953979999999	0.13962769508361816
0.542267866	0.13962769508361816
0.5422366670000001	0.13962769508361816
0.5422058750000001	0.13962769508361816
0.542221358	0.13962769508361816
0.5421717070000001	0.13962769508361816
0.542126538	0.13962769508361816
0.542106747	0.13962769508361816
0.542047084	0.13962769508361816
0.5420532539999999	0.13962769508361816
0.5420054080000001	0.13962769508361816
0.541985151	0.13962769508361816
0.541958667	0.13962769508361816
0.5419008080000001	0.13962769508361816
0.541906978	0.13962769508361816
0.5418882359999999	0.13962769508361816
0.541911228	0.13962769508361816
0.541887013	0.13962769508361816
0.541883113	0.13962769508361816
0.541871821	0.13962769508361816
0.541884627	0.13962769508361816
0.541899644	0.13962769508361816
0.5418973739999999	0.13962769508361816
0.541922112	0.13962769508361816
0.541902846	0.13962769508361816
0.54191018	0.13962769508361816
0.541915535	0.13962769508361816
0.541910878	0.13962769508361816
0.5419243239999999	0.13962769508361816
0.541936082	0.13962769508361816
0.541942252	0.13962769508361816
0.5419499940000001	0.13962769508361816
0.54196734	0.13962769508361816
0.541980553	0.13962769508361816
0.5419896329999999	0.13962769508361816
0.5420012169999999	0.13962769508361816
0.54201507	0.13962769508361816
0.542045396	0.13962769508361816
0.542035094	0.13962769508361816
0.542052265	0.13962769508361816
0.542076014	0.13962769508361816
0.54208847	0.13962769508361816
0.542117166	0.13962769508361816
0.542130671	0.13962769508361816
0.5421371319999999	0.13962769508361816
0.5421378299999999	0.13962769508361816
0.542137539	0.13962769508361816
0.542168505	0.13962769508361816
0.542187481	0.13962769508361816
0.542196271	0.13962769508361816
0.542205351	0.13962769508361816
0.5422300889999999	0.13962769508361816
0.542218215	0.13962769508361816
0.542239752	0.13962769508361816
0.542256341	0.13962769508361816
0.542249123	0.13962769508361816
0.542277645	0.13962769508361816
0.54228626	0.13962769508361816
0.542294001	0.13962769508361816
0.542301103	0.13962769508361816
0.542320544	0.13962769508361816
0.542316877	0.13962769508361816
0.542316178	0.13962769508361816
0.5423424880000001	0.13962769508361816
0.542341615	0.13962769508361816
0.542363385	0.13962769508361816
0.542367343	0.13962769508361816
0.542383816	0.13962769508361816
0.5424009870000001	0.13962769508361816
0.542396097	0.13962769508361816
0.542412861	0.13962769508361816
0.542431604	0.13962769508361816
0.54245902	0.13962769508361816
0.542454596	0.13962769508361816
0.542481546	0.13962769508361816
0.542489521	0.13962769508361816
0.542493886	0.13962769508361816
0.542521884	0.13962769508361816
0.542513444	0.13962769508361816
0.542536902	0.13962769508361816
0.542534224	0.13962769508361816
0.5425626299999999	0.13962769508361816
0.542561407	0.13962769508361816
0.5425558189999999	0.13962769508361816
0.542569032	0.13962769508361816
0.542589405	0.13962769508361816
0.542596797	0.13962769508361816
0.542595866	0.13962769508361816
0.542613911	0.13962769508361816
0.542635913	0.13962769508361816
0.542645575	0.13962769508361816
0.542649417	0.13962769508361816
0.542659487	0.13962769508361816
0.542708731	0.13962769508361816
0.542694295	0.13962769508361816
0.542732712	0.13962769508361816
0.5427117579999999	0.13962769508361816
0.542723341	0.13962769508361816
0.542751746	0.13962769508361816
0.54276234	0.13962769508361816
0.542775902	0.13962769508361816
0.542783295	0.13962769508361816
0.542787602	0.13962769508361816
0.542808499	0.13962769508361816
0.542817812	0.13962769508361816
0.542828988	0.13962769508361816
0.542841852	0.13962769508361816
0.542857219	0.13962769508361816
0.542855298	0.13962769508361816
0.5428810249999999	0.13962769508361816
0.5428890580000001	0.13962769508361816
0.542895694	0.13962769508361816
0.5429142619999999	0.13962769508361816
0.542925845	0.13962769508361816
0.54293772	0.13962769508361816
0.542931259	0.13962769508361816
0.5429644370000001	0.13962769508361816
0.54295687	0.13962769508361816
0.542978756	0.13962769508361816
0.5429903979999999	0.13962769508361816
0.543000293	0.13962769508361816
0.543020375	0.13962769508361816
0.543034577	0.13962769508361816
0.543051225	0.13962769508361816
0.543050119	0.13962769508361816
0.543051516	0.13962769508361816
0.5430718880000001	0.13962769508361816
0.543090748	0.13962769508361816
0.543125032	0.13962769508361816
0.543112983	0.13962769508361816
0.5431239840000001	0.13962769508361816
0.5431239840000001	0.13962769508361816
0.5431604800000001	0.13962769508361816
0.543199421	0.13962769508361816
0.543192087	0.13962769508361816
0.543197908	0.13962769508361816
0.543204602	0.13962769508361816
0.543259841	0.13962769508361816
0.543249538	0.13962769508361816
0.543211529	0.13962769508361816
0.543232774	0.13962769508361816
0.543249887	0.13962769508361816
0.54325565	0.13962769508361816
0.543278584	0.13962769508361816
0.543280854	0.13962769508361816
0.543288945	0.13962769508361816
0.54332061	0.13962769508361816
0.543340982	0.13962769508361816
0.543355069	0.13962769508361816
0.543354487	0.13962769508361816
0.5433665360000001	0.13962769508361816
0.543395407	0.13962769508361816
0.5434073970000001	0.13962769508361816
0.5433997140000001	0.13962769508361816
0.5434235789999999	0.13962769508361816
0.543409318	0.13962769508361816
0.543449249	0.13962769508361816
0.543439412	0.13962769508361816
0.5434525659999999	0.13962769508361816
0.543473521	0.13962769508361816
0.543454604	0.13962769508361816
0.543478294	0.13962769508361816
0.54348039	0.13962769508361816
0.5434997149999999	0.13962769508361816
0.543490576	0.13962769508361816
0.543507107	0.13962769508361816
0.543503207	0.13962769508361816
0.543518981	0.13962769508361816
0.5435317869999999	0.13962769508361816
0.54353103	0.13962769508361816
0.5435443019999999	0.13962769508361816
0.5435399940000001	0.13962769508361816
0.5435600180000001	0.13962769508361816
0.543562055	0.13962769508361816
0.543556584	0.13962769508361816
0.54356386	0.13962769508361816
0.543577189	0.13962769508361816
0.543597504	0.13962769508361816
0.543591334	0.13962769508361816
0.543610135	0.13962769508361816
0.5436136269999999	0.13962769508361816
0.543615315	0.13962769508361816
0.543627597	0.13962769508361816
0.543614617	0.13962769508361816
0.54364471	0.13962769508361816
0.5436441860000001	0.13962769508361816
0.543661823	0.13962769508361816
0.543663395	0.13962769508361816
0.543662172	0.13962769508361816
0.543679227	0.13962769508361816
0.543686387	0.13962769508361816
0.5436880749999999	0.13962769508361816
0.54368336	0.13962769508361816
0.5436878420000001	0.13962769508361816
0.54369244	0.13962769508361816
0.543693721	0.13962769508361816
0.5437049549999999	0.13962769508361816
0.543705421	0.13962769508361816
0.543704664	0.13962769508361816
0.543714967	0.13962769508361816
0.54374052	0.13962769508361816
0.5437360960000001	0.13962769508361816
0.5437322539999999	0.13962769508361816
0.543749018	0.13962769508361816
0.543765025	0.13962769508361816
0.543778529	0.13962769508361816
0.543770439	0.13962769508361816
0.543775444	0.13962769508361816
0.543776958	0.13962769508361816
0.543778588	0.13962769508361816
0.543785165	0.13962769508361816
0.543783535	0.13962769508361816
0.543787959	0.13962769508361816
0.543795992	0.13962769508361816
0.5437979709999999	0.13962769508361816
0.543808215	0.13962769508361816
0.54381392	0.13962769508361816
0.543823524	0.13962769508361816
0.5438108930000001	0.13962769508361816
0.543840579	0.13962769508361816
0.5438367949999999	0.13962769508361816
0.543860078	0.13962769508361816
0.543850707	0.13962769508361816
0.5438464	0.13962769508361816
0.5438742230000001	0.13962769508361816
0.543857808	0.13962769508361816
0.543876435	0.13962769508361816
0.543859962	0.13962769508361816
0.543882721	0.13962769508361816
Power (dBm)
27.349061920031424