Power (mW)	Time (sek)
0.557961059	0.13826775550842285
0.557952328	0.13826775550842285
0.557983702	0.13826775550842285
0.5579810820000001	0.13826775550842285
0.557977532	0.13826775550842285
0.5579864959999999	0.13826775550842285
0.558	0.13826775550842285
0.557988766	0.13826775550842285
0.558016472	0.13826775550842285
0.558032596	0.13826775550842285
0.558027532	0.13826775550842285
0.5580291620000001	0.13826775550842285
0.5580239810000001	0.13826775550842285
0.558050408	0.13826775550842285
0.558056228	0.13826775550842285
0.558060128	0.13826775550842285
0.558067695	0.13826775550842285
0.558075611	0.13826775550842285
0.558055646	0.13826775550842285
0.5580788710000001	0.13826775550842285
0.558093656	0.13826775550842285
0.558088475	0.13826775550842285
0.5580807919999999	0.13826775550842285
0.558091444	0.13826775550842285
0.5580746799999999	0.13826775550842285
0.558058848	0.13826775550842285
0.5580660070000001	0.13826775550842285
0.558081141	0.13826775550842285
0.558220898	0.13826775550842285
0.558317755	0.13826775550842285
0.558519387	0.13826775550842285
0.5585330070000001	0.13826775550842285
0.55859983	0.13826775550842285
0.558630854	0.13826775550842285
0.5582779409999999	0.13826775550842285
0.558147556	0.13826775550842285
0.5578342239999999	0.13826775550842285
0.557286432	0.13826775550842285
0.557317748	0.13826775550842285
0.557133986	0.13826775550842285
0.556740444	0.13826775550842285
0.556680607	0.13826775550842285
0.5565183819999999	0.13826775550842285
0.556293118	0.13826775550842285
0.556238519	0.13826775550842285
0.5561417780000001	0.13826775550842285
0.556150393	0.13826775550842285
0.5561396829999999	0.13826775550842285
0.555951498	0.13826775550842285
0.555976643	0.13826775550842285
0.555944804	0.13826775550842285
0.555988401	0.13826775550842285
0.5559425339999999	0.13826775550842285
0.555852952	0.13826775550842285
0.555884209	0.13826775550842285
0.555926352	0.13826775550842285
0.555923732	0.13826775550842285
0.555933919	0.13826775550842285
0.555892475	0.13826775550842285
0.555940729	0.13826775550842285
0.555985491	0.13826775550842285
0.5560010900000001	0.13826775550842285
0.5560136050000001	0.13826775550842285
0.556012965	0.13826775550842285
0.5560587739999999	0.13826775550842285
0.5560974240000001	0.13826775550842285
0.556100975	0.13826775550842285
0.556123734	0.13826775550842285
0.5561268189999999	0.13826775550842285
0.55614271	0.13826775550842285
0.556206505	0.13826775550842285
0.556236657	0.13826775550842285
0.5562689040000001	0.13826775550842285
0.5562701840000001	0.13826775550842285
0.556297426	0.13826775550842285
0.556341431	0.13826775550842285
0.556370243	0.13826775550842285
0.5563863090000001	0.13826775550842285
0.556417799	0.13826775550842285
0.556450919	0.13826775550842285
0.5564616880000001	0.13826775550842285
0.55647007	0.13826775550842285
0.556483283	0.13826775550842285
0.556512969	0.13826775550842285
0.556542363	0.13826775550842285
0.55656163	0.13826775550842285
0.55657624	0.13826775550842285
0.55660191	0.13826775550842285
0.556620013	0.13826775550842285
0.556628802	0.13826775550842285
0.556652725	0.13826775550842285
0.556658255	0.13826775550842285
0.556694809	0.13826775550842285
0.556730258	0.13826775550842285
0.556738407	0.13826775550842285
0.556735147	0.13826775550842285
0.556757906	0.13826775550842285
0.556767336	0.13826775550842285
0.5567883490000001	0.13826775550842285
0.556781597	0.13826775550842285
0.556812854	0.13826775550842285
0.5568187330000001	0.13826775550842285
0.556847488	0.13826775550842285
0.556854531	0.13826775550842285
0.55684679	0.13826775550842285
0.556850922	0.13826775550842285
0.556894229	0.13826775550842285
0.5569033090000001	0.13826775550842285
0.556912564	0.13826775550842285
0.556915766	0.13826775550842285
0.5569076169999999	0.13826775550842285
0.5569273490000001	0.13826775550842285
0.556934858	0.13826775550842285
0.556931249	0.13826775550842285
0.556933403	0.13826775550842285
0.5569486530000001	0.13826775550842285
0.556946732	0.13826775550842285
0.5569771170000001	0.13826775550842285
0.55698998	0.13826775550842285
0.556986895	0.13826775550842285
0.5569770580000001	0.13826775550842285
0.5569965	0.13826775550842285
0.557013031	0.13826775550842285
0.557013263	0.13826775550842285
0.557024148	0.13826775550842285
0.557025021	0.13826775550842285
0.557023857	0.13826775550842285
0.5570229839999999	0.13826775550842285
0.557034509	0.13826775550842285
0.557030959	0.13826775550842285
0.557040388	0.13826775550842285
0.557047431	0.13826775550842285
0.5570487700000001	0.13826775550842285
0.557055871	0.13826775550842285
0.557053543	0.13826775550842285
0.557049643	0.13826775550842285
0.557056919	0.13826775550842285
0.557064894	0.13826775550842285
0.557067862	0.13826775550842285
0.557062973	0.13826775550842285
0.557051564	0.13826775550842285
0.557092309	0.13826775550842285
0.5571003999999999	0.13826775550842285
0.557096268	0.13826775550842285
0.557089632	0.13826775550842285
0.5570635549999999	0.13826775550842285
0.557101041	0.13826775550842285
0.557102729	0.13826775550842285
0.557098538	0.13826775550842285
0.557109423	0.13826775550842285
0.5571200159999999	0.13826775550842285
0.557098188	0.13826775550842285
0.5571062210000001	0.13826775550842285
0.557110412	0.13826775550842285
0.5571027869999999	0.13826775550842285
0.557121763	0.13826775550842285
0.5571269430000001	0.13826775550842285
0.557126885	0.13826775550842285
0.55712543	0.13826775550842285
0.557146326	0.13826775550842285
0.557166291	0.13826775550842285
0.5571498770000001	0.13826775550842285
0.5571565129999999	0.13826775550842285
0.55716373	0.13826775550842285
0.557175954	0.13826775550842285
0.5571775250000001	0.13826775550842285
0.55716926	0.13826775550842285
0.5571733929999999	0.13826775550842285
0.5571785149999999	0.13826775550842285
0.557181425	0.13826775550842285
0.557196443	0.13826775550842285
0.5571850340000001	0.13826775550842285
0.557175605	0.13826775550842285
0.557196268	0.13826775550842285
0.557211868	0.13826775550842285
0.557184801	0.13826775550842285
0.557235384	0.13826775550842285
0.557218911	0.13826775550842285
0.557232532	0.13826775550842285
0.557232182	0.13826775550842285
0.557235442	0.13826775550842285
0.55727904	0.13826775550842285
0.5572674559999999	0.13826775550842285
0.557270949	0.13826775550842285
0.557271705	0.13826775550842285
0.557289284	0.13826775550842285
0.557285734	0.13826775550842285
0.557305117	0.13826775550842285
0.557301508	0.13826775550842285
0.557292951	0.13826775550842285
0.557313557	0.13826775550842285
0.5573212399999999	0.13826775550842285
0.557329098	0.13826775550842285
0.557334453	0.13826775550842285
0.557343476	0.13826775550842285
0.557359657	0.13826775550842285
0.557359657	0.13826775550842285
0.557382591	0.13826775550842285
0.557374849	0.13826775550842285
0.557394873	0.13826775550842285
0.557394756	0.13826775550842285
0.557407388	0.13826775550842285
0.55743265	0.13826775550842285
0.557415886	0.13826775550842285
0.557428983	0.13826775550842285
0.557439402	0.13826775550842285
0.557441323	0.13826775550842285
0.557448075	0.13826775550842285
0.5574551179999999	0.13826775550842285
0.557482708	0.13826775550842285
0.557475549	0.13826775550842285
0.55749953	0.13826775550842285
0.557489169	0.13826775550842285
0.557529158	0.13826775550842285
0.557509018	0.13826775550842285
0.557495223	0.13826775550842285
0.557535561	0.13826775550842285
0.557539111	0.13826775550842285
0.557552441	0.13826775550842285
0.557559542	0.13826775550842285
0.557565887	0.13826775550842285
0.557569729	0.13826775550842285
0.55758137	0.13826775550842285
0.557598541	0.13826775550842285
0.55758754	0.13826775550842285
0.557616586	0.13826775550842285
0.557610416	0.13826775550842285
0.5576205439999999	0.13826775550842285
0.557607971	0.13826775550842285
0.557614083	0.13826775550842285
0.5576459810000001	0.13826775550842285
0.557645399	0.13826775550842285
0.5576527910000001	0.13826775550842285
0.557655643	0.13826775550842285
0.557688298	0.13826775550842285
0.5576911499999999	0.13826775550842285
0.55768626	0.13826775550842285
0.55770186	0.13826775550842285
0.557693769	0.13826775550842285
0.557726657	0.13826775550842285
0.5577483679999999	0.13826775550842285
0.557772873	0.13826775550842285
0.557733816	0.13826775550842285
0.557721884	0.13826775550842285
0.557760592	0.13826775550842285
0.557801512	0.13826775550842285
0.557799998	0.13826775550842285
0.5577669359999999	0.13826775550842285
0.55775739	0.13826775550842285
0.557760592	0.13826775550842285
0.557799358	0.13826775550842285
0.557858788	0.13826775550842285
0.557811407	0.13826775550842285
0.557779975	0.13826775550842285
0.557810185	0.13826775550842285
0.5578732230000001	0.13826775550842285
0.5578835839999999	0.13826775550842285
0.557840685	0.13826775550842285
0.557834515	0.13826775550842285
0.5578525599999999	0.13826775550842285
0.557922991	0.13826775550842285
0.55790972	0.13826775550842285
0.5578894050000001	0.13826775550842285
0.5578732230000001	0.13826775550842285
0.557894818	0.13826775550842285
0.557947555	0.13826775550842285
0.5579413259999999	0.13826775550842285
0.5579316639999999	0.13826775550842285
0.557941676	0.13826775550842285
0.557967811	0.13826775550842285
0.55798667	0.13826775550842285
0.5580046559999999	0.13826775550842285
0.558004715	0.13826775550842285
0.558001047	0.13826775550842285
0.558048894	0.13826775550842285
0.5580460420000001	0.13826775550842285
0.558066065	0.13826775550842285
0.5580327119999999	0.13826775550842285
0.558030093	0.13826775550842285
0.5580733999999999	0.13826775550842285
0.55807858	0.13826775550842285
0.558095402	0.13826775550842285
0.558090105	0.13826775550842285
0.558122469	0.13826775550842285
0.558127882	0.13826775550842285
0.558118278	0.13826775550842285
0.558152038	0.13826775550842285
0.5581372529999999	0.13826775550842285
0.558164029	0.13826775550842285
0.558152853	0.13826775550842285
0.558162399	0.13826775550842285
0.558166299	0.13826775550842285
0.558170548	0.13826775550842285
0.558192201	0.13826775550842285
0.5581695	0.13826775550842285
0.5581927250000001	0.13826775550842285
0.5581937149999999	0.13826775550842285
0.558226777	0.13826775550842285
0.55821985	0.13826775550842285
0.5582105949999999	0.13826775550842285
Power (dBm)
27.460956081499432