Power (mW)	Time (sek)
0.7628092430000001	0.0998237133026123
0.762934273	0.1333320140838623
0.762847834	0.16922307014465332
0.7627932940000001	0.20634031295776367
0.7628541790000001	0.23714113235473633
0.762818847	0.2712283134460449
0.762886193	0.32090067863464355
0.762924785	0.3667411804199219
0.7629278700000001	0.41904258728027344
0.762972631	0.4744899272918701
0.7628957970000001	0.5000576972961426
0.762992015	0.5352599620819092
0.762998476	0.5661041736602783
0.762943935	0.6166245937347412
0.762895914	0.6682107448577881
0.763046322	0.7233543395996094
0.763056159	0.7662570476531982
0.76290546	0.7999179363250732
0.7630336910000001	0.8361139297485352
0.763023971	0.8662137985229492
0.7629856700000001	0.9183080196380615
0.763004646	0.9665777683258057
0.7629856700000001	1.0267002582550049
0.7629118039999999	1.0659568309783936
0.76286064	1.0997121334075928
0.762975891	1.1327457427978516
0.762899115	1.1742732524871826
0.762956741	1.216703176498413
0.7629343310000001	1.2660493850708008
0.762960059	1.3168349266052246
0.762992015	1.3679380416870117
0.7629822359999999	1.3995349407196045
0.76296617	1.4332714080810547
0.762988871	1.4716541767120361
0.762899115	1.5164883136749268
0.7629823520000001	1.5720112323760986
0.762988813	1.6251208782196045
0.762982294	1.6662724018096924
0.7629406750000001	1.6989850997924805
0.762963085	1.7325658798217773
0.762899057	1.766204595565796
0.762976008	1.8273334503173828
0.7629534809999999	1.866211175918579
0.762908661	1.9156873226165771
0.762969546	1.9665865898132324
0.762886193	2.003852128982544
0.7629535980000001	2.03292179107666
0.7629470199999999	2.075127363204956
0.762918266	2.1160316467285156
0.7630079049999999	2.166719436645508
0.7628703609999999	2.221585988998413
0.7628541790000001	2.266360282897949
0.762902317	2.301816940307617
0.762979093	2.3326120376586914
0.762927928	2.36643648147583
0.762988639	2.421774387359619
0.762934098	2.4664220809936523
0.76294376	2.5205235481262207
0.762963202	2.5665955543518066
0.762950396	2.599743366241455
0.762915122	2.6350715160369873
0.762998417	2.666144609451294
0.762867043	2.7164742946624756
0.762921525	2.7735700607299805
0.7629952160000001	2.8264408111572266
0.7638666430000001	2.865894079208374
0.764327822	2.8997652530670166
0.763828109	2.932857036590576
0.764055527	2.965688943862915
0.764292781	3.0256593227386475
0.7671630009999999	3.065864324569702
0.7652312050000001	3.1160101890563965
0.763498421	3.1715760231018066
0.765106408	3.199336290359497
0.762610929	3.2327075004577637
0.765369099	3.273465394973755
0.761912437	3.31624436378479
0.763376476	3.366262674331665
0.763549469	3.426298141479492
0.7620601100000001	3.4662623405456543
0.762892887	3.505133867263794
0.762719719	3.5324063301086426
0.763475837	3.5661561489105225
0.76285447	3.615663766860962
0.762745505	3.666292190551758
0.763475837	3.7155838012695312
0.762802956	3.7659640312194824
0.762505282	3.8021154403686523
0.7632677440000001	3.8325934410095215
0.7627551090000001	3.8764102458953857
0.763206801	3.915736436843872
0.762665353	3.9753072261810303
0.763011165	4.016047477722168
0.763053074	4.0661540031433105
0.762610871	4.098768711090088
0.7633319470000001	4.132183074951172
0.7626942240000001	4.165355443954468
0.763235497	4.225402116775513
0.7628605820000001	4.2652904987335205
0.762934389	4.3176844120025635
0.763084914	4.365135669708252
0.762886193	4.398493766784668
0.763293123	4.434215068817139
0.762831769	4.4738428592681885
0.76311396	4.515125513076782
0.7631041810000001	4.565160274505615
0.762982294	4.625030755996704
0.763059128	4.66507625579834
0.763129734	4.703535318374634
0.763126533	4.731685161590576
0.7630816539999999	4.765169620513916
0.763165124	4.825070858001709
0.7631682089999999	4.866043567657471
0.7630817129999999	4.915181875228882
0.763087941	4.967648267745972
0.763107266	4.999043703079224
0.7630688489999999	5.032798528671265
0.7630881740000001	5.071416854858398
0.763023854	5.11609959602356
0.763084739	5.173829793930054
0.763091375	5.216113328933716
0.7630752519999999	5.270831823348999
0.763168267	5.299423933029175
0.763136428	5.332677841186523
0.7631747280000001	5.3660290241241455
0.7630944599999999	5.425676584243774
0.763158605	5.465800046920776
0.763084914	5.516257047653198
0.763094402	5.56605863571167
0.763126474	5.603142261505127
0.763155287	5.632356405258179
0.763149117	5.666558504104614
0.7630881740000001	5.715536832809448
0.7630912	5.7657856941223145
0.76313602	5.825670480728149
0.763126533	5.865699529647827
0.763165066	5.898818731307983
0.763165008	5.932352781295776
0.763103948	5.965820074081421
0.763187534	6.020807504653931
0.763110584	6.065974950790405
0.763142656	6.125139474868774
0.7631331100000001	6.165935754776001
0.7631619230000001	6.199163913726807
0.7631618059999999	6.233705282211304
0.763216522	6.265361070632935
0.7631619230000001	6.324378490447998
0.763213204	6.365894556045532
0.7631138430000001	6.416048288345337
0.763245218	6.465769529342651
0.7631618649999999	6.499196529388428
0.7631553449999999	6.5358664989471436
0.7631555200000001	6.574284791946411
0.763152319	6.626091480255127
0.76326757	6.66533350944519
0.763123215	6.715877532958984
0.7631554039999999	6.768529415130615
0.763165066	6.79949688911438
0.763258024	6.832469701766968
0.763209828	6.871124982833862
0.7632419579999999	6.915497779846191
0.763219432	6.970114469528198
0.763245276	7.026595830917358
0.76321949	7.065871238708496
0.763197197	7.098632574081421
0.763206801	7.132512092590332
0.763136311	7.165801286697388
0.7632484780000001	7.224239110946655
0.763216405	7.265805721282959
0.763267686	7.32509446144104
0.763238873	7.3657989501953125
0.763273914	7.403788089752197
0.763357442	7.432379484176636
0.763405464	7.465380907058716
0.763338176	7.5316126346588135
0.7633093049999999	7.575554609298706
0.7633318309999999	7.625274896621704
0.7633413769999999	7.674376726150513
0.7632003399999999	7.698908567428589
0.763258024	7.73193097114563
0.763213204	7.7654736042022705
0.763235614	7.827672958374023
0.76318736	7.865466117858887
0.7631746699999999	7.925109386444092
0.7632548219999999	7.965485334396362
0.763210177	7.998931407928467
0.763306045	8.035515546798706
0.763235497	8.065757036209106
0.763267686	8.115719079971313
0.763299584	8.173840284347534
0.7632260089999999	8.225769281387329
0.763245102	8.265058994293213
0.7632548219999999	8.29880428314209
0.763296557	8.331945657730103
0.763203367	8.365206718444824
0.7632419579999999	8.424280405044556
0.7632997589999999	8.465249300003052
0.763229036	8.515599012374878
0.763299584	8.565160989761353
0.763222517	8.598670721054077
0.763184158	8.631815671920776
0.763293065	8.668894052505493
0.763181015	8.715705156326294
0.7632291529999999	8.770951271057129
0.763241784	8.825571537017822
0.763245043	8.868541717529297
0.763229036	8.8986976146698
0.763228978	8.932174682617188
0.7632419	8.964923620223999
0.763248594	9.025492668151855
0.763270946	9.065555810928345
0.763283635	9.125097274780273
0.763190503	9.165398120880127
0.763251737	9.198442697525024
0.763213029	9.232163667678833
0.763257965	9.265580415725708
0.763273973	9.31520700454712
0.763254997	9.373783111572266
0.763238873	9.425167322158813
0.763257965	9.465412378311157
0.763213204	9.503129243850708
0.7632580819999999	9.532203912734985
0.763225951	9.565560579299927
0.763264485	9.62423849105835
0.7633125639999999	9.66559886932373
0.763245043	9.720601081848145
0.76334452	9.765352964401245
0.76340232	9.798757791519165
0.7633413769999999	9.831440925598145
0.763257965	9.873737573623657
0.763360527	9.915250062942505
0.7633414930000001	9.96588397026062
0.76338317	10.015474557876587
0.763331773	10.066666603088379
0.7633413769999999	10.098477125167847
0.763296499	10.13531231880188
0.7633222270000001	10.165535688400269
0.763335032	10.219836950302124
0.763287069	10.26545763015747
0.763376476	10.325102806091309
0.763363845	10.365035772323608
0.763344695	10.39858365058899
0.7633315980000001	10.432185888290405
0.763293356	10.464768648147583
0.763351039	10.515124797821045
0.7632419579999999	10.573780298233032
0.763235497	10.62538480758667
0.763402204	10.670579671859741
0.763312506	10.6986665725708
0.7633093049999999	10.732201337814331
0.763315766	10.770286083221436
0.76327729	10.82568621635437
0.7633221099999999	10.8700532913208
0.7632132620000001	10.925220251083374
0.763280434	10.965108633041382
0.7632388149999999	11.003257513046265
0.763328397	11.03342318534851
0.7632997589999999	11.066329717636108
0.7632419579999999	11.11604905128479
0.7633350910000001	11.17005705833435
0.763258024	11.216989994049072
0.7633093049999999	11.266034841537476
0.763267686	11.299901008605957
0.763321936	11.333899736404419
0.7633349739999999	11.368323802947998
0.763267686	11.417882680892944
0.7633093049999999	11.468759775161743
0.763273973	11.524180889129639
0.763267686	11.564616918563843
0.7632997589999999	11.604213953018188
0.763296499	11.631463289260864
0.76324516	11.665037631988525
0.763261283	11.714828968048096
0.7632932969999999	11.766793251037598
0.7632835769999999	11.824952125549316
0.763267512	11.864760160446167
0.763229211	11.900619268417358
0.763251504	11.93159532546997
0.7632868949999999	11.97578477859497
0.763261283	12.023967504501343
0.763254997	12.073575258255005
0.763290096	12.117730140686035
0.7633123310000001	12.168502569198608
0.7632260089999999	12.200977563858032
0.763290096	12.235838651657104
0.7632388149999999	12.26701045036316
0.763190677	12.31833267211914
0.7632226919999999	12.36768627166748
0.7632868949999999	12.416898488998413
0.76326105	12.464693784713745
0.763187534	12.49830436706543
0.763181131	12.535956621170044
0.763264252	12.564857959747314
0.763213204	12.625033617019653
0.7632388149999999	12.673753499984741
0.763209886	12.715256690979004
0.763225951	12.76497507095337
0.7631331100000001	12.797893285751343
0.7631619230000001	12.831387519836426
0.763177988	12.865676164627075
Power (dBm)
28.82629853327421