Power (mW)	Time (sek)
0.555656152	0.13919544219970703
0.555676059	0.13919544219970703
0.5556607499999999	0.13919544219970703
0.555603649	0.13919544219970703
0.5556651739999999	0.13919544219970703
0.5556631369999999	0.13919544219970703
0.5556878749999999	0.13919544219970703
0.555633625	0.13919544219970703
0.5555877579999999	0.13919544219970703
0.5556459069999999	0.13919544219970703
0.5556612160000001	0.13919544219970703
0.555663311	0.13919544219970703
0.555613951	0.13919544219970703
0.555608713	0.13919544219970703
0.5556266409999999	0.13919544219970703
0.55566174	0.13919544219970703
0.555659761	0.13919544219970703
0.5556066749999999	0.13919544219970703
0.555628852	0.13919544219970703
0.555638399	0.13919544219970703
0.555645674	0.13919544219970703
0.555636827	0.13919544219970703
0.55559742	0.13919544219970703
0.555634906	0.13919544219970703
0.5556503890000001	0.13919544219970703
0.555668143	0.13919544219970703
0.5556234969999999	0.13919544219970703
0.555632345	0.13919544219970703
0.555613311	0.13919544219970703
0.555632578	0.13919544219970703
0.555656909	0.13919544219970703
0.555638981	0.13919544219970703
0.555573264	0.13919544219970703
0.5556047540000001	0.13919544219970703
0.5556064430000001	0.13919544219970703
0.555680948	0.13919544219970703
0.555692764	0.13919544219970703
0.555614999	0.13919544219970703
0.5558495760000001	0.13919544219970703
0.5559923010000001	0.13919544219970703
0.555806444	0.13919544219970703
0.55577053	0.13919544219970703
0.555676175	0.13919544219970703
0.5556655229999999	0.13919544219970703
0.555106206	0.13919544219970703
0.554441125	0.13919544219970703
0.554384605	0.13919544219970703
0.5541161520000001	0.13919544219970703
0.553797639	0.13919544219970703
0.553519756	0.13919544219970703
0.553168764	0.13919544219970703
0.553129707	0.13919544219970703
0.552916725	0.13919544219970703
0.552862941	0.13919544219970703
0.552901416	0.13919544219970703
0.552791811	0.13919544219970703
0.5526706809999999	0.13919544219970703
0.552550249	0.13919544219970703
0.552431098	0.13919544219970703
0.552398153	0.13919544219970703
0.55228814	0.13919544219970703
0.552266603	0.13919544219970703
0.552238431	0.13919544219970703
0.5521211420000001	0.13919544219970703
0.552137615	0.13919544219970703
0.552064448	0.13919544219970703
0.5520870330000001	0.13919544219970703
0.552070211	0.13919544219970703
0.552049547	0.13919544219970703
0.552063168	0.13919544219970703
0.552067941	0.13919544219970703
0.552087906	0.13919544219970703
0.5521089770000001	0.13919544219970703
0.5520870330000001	0.13919544219970703
0.552097568	0.13919544219970703
0.5521393609999999	0.13919544219970703
0.552163168	0.13919544219970703
0.552170852	0.13919544219970703
0.552133832	0.13919544219970703
0.5521221319999999	0.13919544219970703
0.5521570570000001	0.13919544219970703
0.552139536	0.13919544219970703
0.552138954	0.13919544219970703
0.552131212	0.13919544219970703
0.5520796990000001	0.13919544219970703
0.552134763	0.13919544219970703
0.552118872	0.13919544219970703
0.5521224809999999	0.13919544219970703
0.552082667	0.13919544219970703
0.552095356	0.13919544219970703
0.5521092679999999	0.13919544219970703
0.552086101	0.13919544219970703
0.5520756819999999	0.13919544219970703
0.552056707	0.13919544219970703
0.552098383	0.13919544219970703
0.552071957	0.13919544219970703
0.552082434	0.13919544219970703
0.552059093	0.13919544219970703
0.55204134	0.13919544219970703
0.55206439	0.13919544219970703
0.5520672419999999	0.13919544219970703
0.552064623	0.13919544219970703
0.552046171	0.13919544219970703
0.55205368	0.13919544219970703
0.5520633420000001	0.13919544219970703
0.552046287	0.13919544219970703
0.55206957	0.13919544219970703
0.55205822	0.13919544219970703
0.552081154	0.13919544219970703
0.552075973	0.13919544219970703
0.55207737	0.13919544219970703
0.5520921550000001	0.13919544219970703
0.5521008279999999	0.13919544219970703
0.552133482	0.13919544219970703
0.552135694	0.13919544219970703
0.552170561	0.13919544219970703
0.552159327	0.13919544219970703
0.5522009449999999	0.13919544219970703
0.552219688	0.13919544219970703
0.552237732	0.13919544219970703
0.552259677	0.13919544219970703
0.5522732389999999	0.13919544219970703
0.552294776	0.13919544219970703
0.552303041	0.13919544219970703
0.55234012	0.13919544219970703
0.552356942	0.13919544219970703
0.552359794	0.13919544219970703
0.5524050789999999	0.13919544219970703
0.552416197	0.13919544219970703
0.55243494	0.13919544219970703
0.55242778	0.13919544219970703
0.552444602	0.13919544219970703
0.552473706	0.13919544219970703
0.5524744629999999	0.13919544219970703
0.552483776	0.13919544219970703
0.552486279	0.13919544219970703
0.552544952	0.13919544219970703
0.552554673	0.13919544219970703
0.5525678860000001	0.13919544219970703
0.552572834	0.13919544219970703
0.5525941959999999	0.13919544219970703
0.5526312160000001	0.13919544219970703
0.552649086	0.13919544219970703
0.552667829	0.13919544219970703
0.552657701	0.13919544219970703
0.552680285	0.13919544219970703
0.552723417	0.13919544219970703
0.552714104	0.13919544219970703
0.552750018	0.13919544219970703
0.552743149	0.13919544219970703
0.552768761	0.13919544219970703
0.552778132	0.13919544219970703
0.552807178	0.13919544219970703
0.552829122	0.13919544219970703
0.552808808	0.13919544219970703
0.552856829	0.13919544219970703
0.5528572359999999	0.13919544219970703
0.552894315	0.13919544219970703
0.552878773	0.13919544219970703
0.552910496	0.13919544219970703
0.5529324409999999	0.13919544219970703
0.552942336	0.13919544219970703
0.5529791820000001	0.13919544219970703
0.5529797639999999	0.13919544219970703
0.55300619	0.13919544219970703
0.5530070629999999	0.13919544219970703
0.5530340130000001	0.13919544219970703
0.553047401	0.13919544219970703
0.553066726	0.13919544219970703
0.5530675989999999	0.13919544219970703
0.553097401	0.13919544219970703
0.553107704	0.13919544219970703
0.553106773	0.13919544219970703
0.553122954	0.13919544219970703
0.5531200439999999	0.13919544219970703
0.553159334	0.13919544219970703
0.553139776	0.13919544219970703
0.553155784	0.13919544219970703
0.553149614	0.13919544219970703
0.553186692	0.13919544219970703
0.5531941419999999	0.13919544219970703
0.5531648060000001	0.13919544219970703
0.553186692	0.13919544219970703
0.5532009529999999	0.13919544219970703
0.553227321	0.13919544219970703
0.5531996140000001	0.13919544219970703
0.5532131760000001	0.13919544219970703
0.553210615	0.13919544219970703
0.553239428	0.13919544219970703
0.553271384	0.13919544219970703
0.55324944	0.13919544219970703
0.5532801150000001	0.13919544219970703
0.553279475	0.13919544219970703
0.5532972279999999	0.13919544219970703
0.553311431	0.13919544219970703
0.553297112	0.13919544219970703
0.553316204	0.13919544219970703
0.553315913	0.13919544219970703
0.55335433	0.13919544219970703
0.553333026	0.13919544219970703
0.553342048	0.13919544219970703
0.553363003	0.13919544219970703
0.553386635	0.13919544219970703
0.55339979	0.13919544219970703
0.553396239	0.13919544219970703
0.553424296	0.13919544219970703
0.553418475	0.13919544219970703
0.553459744	0.13919544219970703
0.55346021	0.13919544219970703
0.553432212	0.13919544219970703
0.553452119	0.13919544219970703
0.553459802	0.13919544219970703
0.5534940279999999	0.13919544219970703
0.553487393	0.13919544219970703
0.553503982	0.13919544219970703
0.553507882	0.13919544219970703
0.553521444	0.13919544219970703
0.553544902	0.13919544219970703
0.5535501399999999	0.13919544219970703
0.553564809	0.13919544219970703
0.5535770910000001	0.13919544219970703
0.553607766	0.13919544219970703
0.553604448	0.13919544219970703
0.553609338	0.13919544219970703
0.553617778	0.13919544219970703
0.553630234	0.13919544219970703
0.5536648099999999	0.13919544219970703
0.553651247	0.13919544219970703
0.553651946	0.13919544219970703
0.553669757	0.13919544219970703
0.553704507	0.13919544219970703
0.553724531	0.13919544219970703
0.5536761020000001	0.13919544219970703
0.553696416	0.13919544219970703
0.553721969	0.13919544219970703
0.553756487	0.13919544219970703
0.553765509	0.13919544219970703
0.553747173	0.13919544219970703
0.5537717369999999	0.13919544219970703
0.553786464	0.13919544219970703
0.55379665	0.13919544219970703
0.5537858809999999	0.13919544219970703
0.553786173	0.13919544219970703
0.553808815	0.13919544219970703
0.553828897	0.13919544219970703
0.553840771	0.13919544219970703
0.55383303	0.13919544219970703
0.55385672	0.13919544219970703
0.553857652	0.13919544219970703
0.553881458	0.13919544219970703
0.553880818	0.13919544219970703
0.553861086	0.13919544219970703
0.55389764	0.13919544219970703
0.5539004919999999	0.13919544219970703
0.553915685	0.13919544219970703
0.553909282	0.13919544219970703
0.55393792	0.13919544219970703
0.553947	0.13919544219970703
0.553951482	0.13919544219970703
0.553969934	0.13919544219970703
0.553976919	0.13919544219970703
0.554014812	0.13919544219970703
0.554008991	0.13919544219970703
0.5540315760000001	0.13919544219970703
0.554023718	0.13919544219970703
0.554028084	0.13919544219970703
0.554059341	0.13919544219970703
0.5540784329999999	0.13919544219970703
0.5540961280000001	0.13919544219970703
0.554076687	0.13919544219970703
0.5541045680000001	0.13919544219970703
0.55411231	0.13919544219970703
0.554107595	0.13919544219970703
0.554123253	0.13919544219970703
0.554107712	0.13919544219970703
0.554127386	0.13919544219970703
0.554143044	0.13919544219970703
0.554146769	0.13919544219970703
0.5541557909999999	0.13919544219970703
0.554152473	0.13919544219970703
0.5541677819999999	0.13919544219970703
0.554164813	0.13919544219970703
0.554184895	0.13919544219970703
0.554174767	0.13919544219970703
0.5541935680000001	0.13919544219970703
0.554210623	0.13919544219970703
0.554199039	0.13919544219970703
0.554208469	0.13919544219970703
0.554206141	0.13919544219970703
0.554233906	0.13919544219970703
0.554233324	0.13919544219970703
0.554256199	0.13919544219970703
0.554251717	0.13919544219970703
0.554256898	0.13919544219970703
0.554251717	0.13919544219970703
0.554247817	0.13919544219970703
0.554270751	0.13919544219970703
0.554253289	0.13919544219970703
0.554267841	0.13919544219970703
0.55427273	0.13919544219970703
Power (dBm)
27.431059248839386