Power (mW)	Time (sek)
0.551060191	0.13914060592651367
0.551092322	0.13914060592651367
0.551075675	0.13914060592651367
0.551060482	0.13914060592651367
0.5510808549999999	0.13914060592651367
0.551101402	0.13914060592651367
0.551118283	0.13914060592651367
0.5511288759999999	0.13914060592651367
0.551084464	0.13914060592651367
0.551123638	0.13914060592651367
0.55110181	0.13914060592651367
0.55110117	0.13914060592651367
0.551082718	0.13914060592651367
0.55110472	0.13914060592651367
0.5511085619999999	0.13914060592651367
0.551132485	0.13914060592651367
0.5511050110000001	0.13914060592651367
0.551116245	0.13914060592651367
0.551122415	0.13914060592651367
0.551128236	0.13914060592651367
0.551155361	0.13914060592651367
0.551133475	0.13914060592651367
0.5511462800000001	0.13914060592651367
0.551145291	0.13914060592651367
0.551182835	0.13914060592651367
0.55116124	0.13914060592651367
0.551162404	0.13914060592651367
0.551158213	0.13914060592651367
0.551144767	0.13914060592651367
0.551171135	0.13914060592651367
0.551159319	0.13914060592651367
0.5511617639999999	0.13914060592651367
0.551137782	0.13914060592651367
0.55115571	0.13914060592651367
0.551191741	0.13914060592651367
0.551177305	0.13914060592651367
0.551170786	0.13914060592651367
0.551136269	0.13914060592651367
0.5511105409999999	0.13914060592651367
0.551136269	0.13914060592651367
0.551125908	0.13914060592651367
0.551077886	0.13914060592651367
0.5511415070000001	0.13914060592651367
0.551211589	0.13914060592651367
0.551217003	0.13914060592651367
0.5511951169999999	0.13914060592651367
0.5511026250000001	0.13914060592651367
0.551012286	0.13914060592651367
0.5508306789999999	0.13914060592651367
0.55061595	0.13914060592651367
0.5504016300000001	0.13914060592651367
0.550176657	0.13914060592651367
0.550082419	0.13914060592651367
0.549971592	0.13914060592651367
0.549830496	0.13914060592651367
0.54970989	0.13914060592651367
0.5495977240000001	0.13914060592651367
0.549521938	0.13914060592651367
0.5494414360000001	0.13914060592651367
0.549417979	0.13914060592651367
0.549369899	0.13914060592651367
0.5493234490000001	0.13914060592651367
0.5492866040000001	0.13914060592651367
0.54922991	0.13914060592651367
0.549203367	0.13914060592651367
0.549183285	0.13914060592651367
0.549185381	0.13914060592651367
0.549155171	0.13914060592651367
0.549153308	0.13914060592651367
0.549147546	0.13914060592651367
0.5491391640000001	0.13914060592651367
0.549146498	0.13914060592651367
0.5491414339999999	0.13914060592651367
0.5491522609999999	0.13914060592651367
0.549123914	0.13914060592651367
0.549125194	0.13914060592651367
0.549144053	0.13914060592651367
0.54912956	0.13914060592651367
0.5491435880000001	0.13914060592651367
0.549096789	0.13914060592651367
0.549102842	0.13914060592651367
0.549090328	0.13914060592651367
0.549075601	0.13914060592651367
0.549082702	0.13914060592651367
0.5490964979999999	0.13914060592651367
0.549079734	0.13914060592651367
0.5490681510000001	0.13914060592651367
0.549083925	0.13914060592651367
0.549088116	0.13914060592651367
0.549082702	0.13914060592651367
0.5490654150000001	0.13914060592651367
0.5490636099999999	0.13914060592651367
0.5490896869999999	0.13914060592651367
0.549109885	0.13914060592651367
0.5491414339999999	0.13914060592651367
0.5491265329999999	0.13914060592651367
0.549102377	0.13914060592651367
0.549126475	0.13914060592651367
0.549152028	0.13914060592651367
0.549197837	0.13914060592651367
0.549206219	0.13914060592651367
0.549200107	0.13914060592651367
0.549182354	0.13914060592651367
0.549177872	0.13914060592651367
0.549253717	0.13914060592651367
0.549260527	0.13914060592651367
0.549294753	0.13914060592651367
0.54925069	0.13914060592651367
0.549276301	0.13914060592651367
0.549270422	0.13914060592651367
0.54933643	0.13914060592651367
0.549369259	0.13914060592651367
0.549313379	0.13914060592651367
0.549317629	0.13914060592651367
0.549364486	0.13914060592651367
0.549391902	0.13914060592651367
0.549399352	0.13914060592651367
0.549378688	0.13914060592651367
0.5493611100000001	0.13914060592651367
0.549398712	0.13914060592651367
0.5494661160000001	0.13914060592651367
0.549450342	0.13914060592651367
0.549455988	0.13914060592651367
0.549425837	0.13914060592651367
0.549417746	0.13914060592651367
0.549462915	0.13914060592651367
0.549490622	0.13914060592651367
0.549480086	0.13914060592651367
0.5494728099999999	0.13914060592651367
0.54950011	0.13914060592651367
0.549509656	0.13914060592651367
0.549515418	0.13914060592651367
0.549530319	0.13914060592651367
0.549518678	0.13914060592651367
0.549555873	0.13914060592651367
0.549577875	0.13914060592651367
0.549579505	0.13914060592651367
0.5495723450000001	0.13914060592651367
0.5495698419999999	0.13914060592651367
0.549575547	0.13914060592651367
0.549595978	0.13914060592651367
0.549610413	0.13914060592651367
0.5495972	0.13914060592651367
0.549621065	0.13914060592651367
0.549632299	0.13914060592651367
0.5496288069999999	0.13914060592651367
0.549642427	0.13914060592651367
0.549631775	0.13914060592651367
0.549644581	0.13914060592651367
0.5496561640000001	0.13914060592651367
0.549662334	0.13914060592651367
0.5496800879999999	0.13914060592651367
0.549664313	0.13914060592651367
0.549679855	0.13914060592651367
0.549683289	0.13914060592651367
0.549700169	0.13914060592651367
0.549708842	0.13914060592651367
0.549715594	0.13914060592651367
0.549720251	0.13914060592651367
0.5497069800000001	0.13914060592651367
0.5497628010000001	0.13914060592651367
0.549736666	0.13914060592651367
0.549709192	0.13914060592651367
0.549703138	0.13914060592651367
0.549749355	0.13914060592651367
0.549810531	0.13914060592651367
0.549752847	0.13914060592651367
0.5497610549999999	0.13914060592651367
0.549769844	0.13914060592651367
0.5498408570000001	0.13914060592651367
0.5498256069999999	0.13914060592651367
0.549814198	0.13914060592651367
0.549786957	0.13914060592651367
0.5498168760000001	0.13914060592651367
0.5498492389999999	0.13914060592651367
0.5498452810000001	0.13914060592651367
0.549847027	0.13914060592651367
0.5498580289999999	0.13914060592651367
0.549860299	0.13914060592651367
0.54985733	0.13914060592651367
0.5498504620000001	0.13914060592651367
0.5498576789999999	0.13914060592651367
0.549912045	0.13914060592651367
0.549908669	0.13914060592651367
0.549894816	0.13914060592651367
0.549893186	0.13914060592651367
0.549912569	0.13914060592651367
0.549962162	0.13914060592651367
0.549928052	0.13914060592651367
0.5498906250000001	0.13914060592651367
0.54993527	0.13914060592651367
0.549962162	0.13914060592651367
0.549960649	0.13914060592651367
0.5499509859999999	0.13914060592651367
0.549982942	0.13914060592651367
0.549970311	0.13914060592651367
0.549956807	0.13914060592651367
0.549978053	0.13914060592651367
0.549993245	0.13914060592651367
0.5499903349999999	0.13914060592651367
0.549981371	0.13914060592651367
0.5500307889999999	0.13914060592651367
0.549987075	0.13914060592651367
0.5499548280000001	0.13914060592651367
0.549999007	0.13914060592651367
0.5500360860000001	0.13914060592651367
0.550051336	0.13914060592651367
0.550029683	0.13914060592651367
0.550006225	0.13914060592651367
0.5499980760000001	0.13914060592651367
0.550040975	0.13914060592651367
0.5500632689999999	0.13914060592651367
0.55003172	0.13914060592651367
0.5500180410000001	0.13914060592651367
0.550019089	0.13914060592651367
0.5500548289999999	0.13914060592651367
0.550065248	0.13914060592651367
0.550062978	0.13914060592651367
0.5500505210000001	0.13914060592651367
0.5500467379999999	0.13914060592651367
0.5500701370000001	0.13914060592651367
0.550093362	0.13914060592651367
0.550087891	0.13914060592651367
0.5500785189999999	0.13914060592651367
0.550077879	0.13914060592651367
0.550077762	0.13914060592651367
0.550097262	0.13914060592651367
0.5501048869999999	0.13914060592651367
0.550085562	0.13914060592651367
0.5500920819999999	0.13914060592651367
0.550116936	0.13914060592651367
0.550114608	0.13914060592651367
0.5501164709999999	0.13914060592651367
0.550099125	0.13914060592651367
0.5501045960000001	0.13914060592651367
0.5501083210000001	0.13914060592651367
0.5501265989999999	0.13914060592651367
0.550114608	0.13914060592651367
0.550123106	0.13914060592651367
0.550120429	0.13914060592651367
0.550122408	0.13914060592651367
0.550132012	0.13914060592651367
0.550131779	0.13914060592651367
0.550129218	0.13914060592651367
0.5501410339999999	0.13914060592651367
0.5501298	0.13914060592651367
0.550133293	0.13914060592651367
0.550125435	0.13914060592651367
0.550145342	0.13914060592651367
0.550135272	0.13914060592651367
0.55013079	0.13914060592651367
0.550149241	0.13914060592651367
0.550162571	0.13914060592651367
0.550143071	0.13914060592651367
0.550129858	0.13914060592651367
0.550131779	0.13914060592651367
0.550171302	0.13914060592651367
0.550175377	0.13914060592651367
0.550142664	0.13914060592651367
0.550132128	0.13914060592651367
0.550159835	0.13914060592651367
0.550174387	0.13914060592651367
0.550183409	0.13914060592651367
0.550160126	0.13914060592651367
0.550136494	0.13914060592651367
0.550155644	0.13914060592651367
0.550161756	0.13914060592651367
0.5501683340000001	0.13914060592651367
0.550148776	0.13914060592651367
0.55015285	0.13914060592651367
0.550156925	0.13914060592651367
0.55016944	0.13914060592651367
0.550166995	0.13914060592651367
0.550150755	0.13914060592651367
0.550164026	0.13914060592651367
0.550163619	0.13914060592651367
0.550177589	0.13914060592651367
0.550170895	0.13914060592651367
0.550158089	0.13914060592651367
0.550162105	0.13914060592651367
0.550163677	0.13914060592651367
0.550172816	0.13914060592651367
0.550156285	0.13914060592651367
0.550164317	0.13914060592651367
0.550154073	0.13914060592651367
0.550165947	0.13914060592651367
0.5501807900000001	0.13914060592651367
0.550173456	0.13914060592651367
0.5501892300000001	0.13914060592651367
0.5501827690000001	0.13914060592651367
0.550201104	0.13914060592651367
0.550205761	0.13914060592651367
0.5501959820000001	0.13914060592651367
0.5502037240000001	0.13914060592651367
0.550196681	0.13914060592651367
0.550205994	0.13914060592651367
0.5502050039999999	0.13914060592651367
0.550207158	0.13914060592651367
0.550200813	0.13914060592651367
0.550188532	0.13914060592651367
Power (dBm)
27.403512852767786