Power (mW)	Time (sek)
0.7635944060000001	0.11433076858520508
0.763581658	0.14983153343200684
0.763597549	0.19734573364257812
0.763543299	0.23348546028137207
0.763562392	0.28110384941101074
0.763575255	0.331082820892334
0.76360401	0.3805677890777588
0.763485557	0.43331217765808105
0.763613847	0.48124146461486816
0.763588061	0.5156004428863525
0.763594464	0.5466961860656738
0.763591263	0.5822219848632812
0.7636744409999999	0.6332778930664062
0.763597782	0.6822707653045654
0.763540098	0.7310943603515625
0.7636136720000001	0.7832121849060059
0.763687247	0.8141512870788574
0.763642543	0.8477106094360352
0.763626478	0.8973057270050049
0.763600983	0.9472887516021729
0.763696793	0.9975507259368896
0.763632997	1.0476458072662354
0.7636809019999999	1.0973856449127197
0.763636024	1.1325159072875977
0.7637545929999999	1.182436466217041
0.763642543	1.2308406829833984
0.763629621	1.2848515510559082
0.7636200750000001	1.3307428359985352
0.763860182	1.3835160732269287
0.764049066	1.4073517322540283
0.763748132	1.440906286239624
0.763863383	1.484766960144043
0.763876247	1.5310704708099365
0.763872988	1.5805344581604004
0.763825024	1.6341607570648193
0.763616874	1.6810171604156494
0.763658609	1.7138423919677734
0.763712917	1.7476842403411865
0.763616874	1.8016700744628906
0.763786549	1.8470830917358398
0.763719319	1.901843786239624
0.763738528	1.9476070404052734
0.763732009	1.9975121021270752
0.764401688	2.0304946899414062
0.7667914029999999	2.0854883193969727
0.767899852	2.133014678955078
0.766189129	2.1806766986846924
0.7663974539999999	2.234037160873413
0.7668233010000001	2.280829668045044
0.765042321	2.31354022026062
0.7663812720000001	2.3488075733184814
0.7642094859999999	2.3970935344696045
0.76391804	2.4517664909362793
0.7645682199999999	2.4969592094421387
0.764126016	2.55271315574646
0.763536722	2.5974066257476807
0.764126075	2.6309421062469482
0.763546268	2.680330753326416
0.763975491	2.730985403060913
0.763479155	2.782729387283325
0.76338934	2.8306124210357666
0.763825024	2.8850510120391846
0.7635527870000001	2.9141016006469727
0.763511227	2.9476234912872314
0.763760821	2.996890068054199
0.763370306	3.047128200531006
0.763411925	3.1016526222229004
0.7634888169999999	3.1475822925567627
0.763363845	3.2004318237304688
0.763405289	3.2318918704986572
0.7633927159999999	3.2809081077575684
0.7633221099999999	3.330127000808716
0.7634151259999999	3.3797764778137207
0.7632868949999999	3.4302892684936523
0.763251504	3.480346441268921
0.763347605	3.514094591140747
0.763258024	3.547116756439209
0.7632614	3.597405433654785
0.763338117	3.6470158100128174
0.763290096	3.6969430446624756
0.763190561	3.751967430114746
0.763315533	3.79724383354187
0.763139455	3.8306877613067627
0.763232238	3.8805365562438965
0.763171469	3.933453321456909
0.763225777	3.980208396911621
0.763196906	4.030648708343506
0.763190677	4.08046555519104
0.76309772	4.113972187042236
0.763206976	4.147241115570068
0.7631685	4.196735143661499
0.763145799	4.247192144393921
0.76321949	4.297238111495972
0.763145916	4.347330093383789
0.7631074400000001	4.402364730834961
0.763142598	4.430261611938477
0.763126533	4.485904216766357
0.763149059	4.530737400054932
0.763136195	4.582826137542725
0.763068791	4.634479761123657
0.7630272880000001	4.6806793212890625
0.763068965	4.713474273681641
0.763100863	4.747154235839844
0.763142656	4.8014116287231445
0.76309772	4.84691858291626
0.763100863	4.897233724594116
0.7631265909999999	4.946880578994751
0.76312985	4.997023582458496
0.763091375	5.030154228210449
0.763049698	5.083603382110596
0.76303049	5.1301867961883545
0.7630944599999999	5.180641174316406
0.7630752519999999	5.230262517929077
0.763043354	5.280380725860596
0.7630817710000001	5.315514802932739
0.7631041810000001	5.346244812011719
0.7630816539999999	5.380411148071289
0.763091433	5.432541847229004
0.763078569	5.480455636978149
0.763097662	5.534426689147949
0.763100805	5.579935312271118
0.76309772	5.613507032394409
0.763068965	5.646653175354004
0.7630623879999999	5.696928977966309
0.763078337	5.7463836669921875
0.763091259	5.796778202056885
0.763094402	5.8521409034729
0.7630721079999999	5.897274732589722
0.763148884	5.930438041687012
0.763097836	5.983519077301025
0.7631361369999999	6.030112266540527
0.763120071	6.079862833023071
0.763126649	6.130524635314941
0.7631554039999999	6.179798126220703
0.7631201879999999	6.215036630630493
0.763097603	6.24613094329834
0.7630529	6.2835533618927
0.763149059	6.330509424209595
0.7630816539999999	6.383513927459717
0.7630529580000001	6.430055856704712
0.7631202460000001	6.4852213859558105
0.763129676	6.513684988021851
0.763145799	6.547203063964844
0.763132935	6.59638237953186
0.76311687	6.646711826324463
0.763165008	6.701833486557007
0.7631074400000001	6.747061491012573
0.7631685	6.802264451980591
0.763145625	6.8300089836120605
0.763100863	6.882154226303101
0.763117045	6.929930210113525
0.763129734	6.980215311050415
0.763193879	7.030303955078125
0.7632324119999999	7.080400228500366
0.7631232729999999	7.115009546279907
0.763107499	7.1455299854278564
0.763139455	7.180316209793091
0.7631234480000001	7.229740619659424
0.763133052	7.279927015304565
0.763203599	7.329539060592651
0.763084914	7.380092144012451
0.763149059	7.4157328605651855
0.763145916	7.445916175842285
0.7630881740000001	7.479864597320557
0.763110584	7.533438682556152
0.7631489419999999	7.579626560211182
0.763088115	7.634335279464722
0.763158547	7.680235147476196
0.763149117	7.713504314422607
0.763145799	7.74903416633606
0.763062621	7.779990196228027
0.7630431209999999	7.83402681350708
0.7631458569999999	7.879988670349121
0.763059186	7.930297136306763
0.763087941	7.979799270629883
0.763094402	8.013520002365112
0.7631392220000001	8.04648470878601
0.763056159	8.079616069793701
0.763036893	8.130184650421143
0.763123331	8.179613828659058
0.7630946350000001	8.230125665664673
0.763113727	8.311283349990845
0.76304964	8.339607000350952
0.7630817129999999	8.381366491317749
0.7630561010000001	8.42952847480774
0.763126474	8.485192775726318
0.763071934	8.529850959777832
0.763110584	8.583438873291016
0.763104239	8.613306045532227
0.76311361	8.646615982055664
0.7630752519999999	8.696297407150269
0.7631009209999999	8.746569395065308
0.763062562	8.796366691589355
0.763152319	8.846845388412476
0.763120071	8.89613652229309
0.763078337	8.929862976074219
0.763027114	8.979866743087769
0.7630816539999999	9.029683351516724
0.7630912	9.079914331436157
0.7630688489999999	9.130048990249634
0.7631009209999999	9.179381608963013
0.763056043	9.215524196624756
0.7631009209999999	9.245747566223145
0.763165066	9.279741525650024
0.763068965	9.329497337341309
0.763104123	9.379836559295654
0.7631202460000001	9.429357767105103
0.763110525	9.479344129562378
0.7631137849999999	9.512888669967651
0.7631201879999999	9.54655408859253
0.7630753680000001	9.596723318099976
0.7631265909999999	9.646155834197998
0.763142423	9.69647741317749
0.7631009209999999	9.746102571487427
0.76309772	9.796592473983765
0.763110409	9.829851627349854
0.763120071	9.883504152297974
0.763123331	9.929791927337646
0.763123331	9.97996473312378
0.7630946350000001	10.02972960472107
0.7631555200000001	10.080968618392944
0.7630881740000001	10.115469694137573
0.763117045	10.145781993865967
0.763104123	10.179453372955322
0.763084798	10.229875087738037
0.763123331	10.2795569896698
0.763072225	10.329553127288818
0.7630911420000001	10.383467197418213
0.7631458569999999	10.412943840026855
0.7631137849999999	10.447837352752686
0.763139455	10.484670400619507
0.763149059	10.529764175415039
0.763123098	10.582900047302246
0.763171469	10.629629850387573
0.76311687	10.682902574539185
0.7630816539999999	10.712934017181396
0.7631137849999999	10.74967908859253
0.763113727	10.800080060958862
0.763033517	10.85228681564331
0.763110584	10.896634340286255
0.763068791	10.952556371688843
0.7631010380000001	10.996421337127686
0.763139455	11.031805276870728
0.763081538	11.079367876052856
0.763104123	11.129170179367065
0.763213204	11.179786920547485
0.763117045	11.234472274780273
0.763206801	11.286375284194946
0.763107266	11.313178539276123
0.7631586629999999	11.348261833190918
0.763149059	11.37959098815918
0.763053016	11.43276047706604
0.763097836	11.479547023773193
0.7630143659999999	11.529037714004517
0.763091375	11.579586029052734
0.763100979	11.612845182418823
0.763059186	11.647511720657349
0.7629886969999999	11.679442167282104
0.763104123	11.729737520217896
0.763107208	11.779452562332153
0.7630529	11.829835891723633
0.7630946350000001	11.879359245300293
0.763071992	11.912967920303345
0.763136195	11.948301792144775
0.7630912	11.979034423828125
0.7630721079999999	12.028866291046143
0.763107382	12.079061269760132
0.763036776	12.129521131515503
0.7630623879999999	12.181910753250122
0.763110584	12.213085651397705
0.7630753680000001	12.248257875442505
0.7630721079999999	12.285595893859863
0.763100863	12.329262018203735
0.763117045	12.382718086242676
0.762998243	12.429367065429688
0.763084798	12.485754251480103
0.763097603	12.512829303741455
0.763030257	12.548278093338013
0.763017626	12.584893465042114
0.7630144830000001	12.62974739074707
0.76311687	12.679594039916992
0.763049698	12.734128952026367
0.763059303	12.779585838317871
0.763049466	12.814120054244995
0.763065589	12.845318794250488
0.763072225	12.879527807235718
0.7630817710000001	12.929123640060425
0.763062562	12.979891300201416
0.7629728060000001	13.034049272537231
0.763065647	13.079575300216675
0.7630529	13.112812995910645
0.7631202460000001	13.14816951751709
0.763129792	13.179497003555298
0.7631234480000001	13.232603788375854
0.76315878	13.27913522720337
0.7630881740000001	13.332326650619507
0.763139338	13.379450559616089
0.76307531	13.412230968475342
0.7630881740000001	13.448218822479248
0.7630881740000001	13.486411333084106
Power (dBm)
28.827046813186442