Power (mW)	Time (sek)
0.7725321340000001	0.11625814437866211
0.772605708	0.14381766319274902
0.772525673	0.18358588218688965
0.772612169	0.21364688873291016
0.7726249749999999	0.2439725399017334
0.772631261	0.28360724449157715
0.772615371	0.33567285537719727
0.772647385	0.38370203971862793
0.772583298	0.4344050884246826
0.7725865	0.4839329719543457
0.7726760810000001	0.5129549503326416
0.772618514	0.5361971855163574
0.772599364	0.5837857723236084
0.772548199	0.633502721786499
0.772589527	0.683180570602417
0.772612169	0.7358973026275635
0.772528816	0.783595085144043
0.7726057669999999	0.8170161247253418
0.772599131	0.8504319190979004
0.772573578	0.9002466201782227
0.77264104	0.9505441188812256
0.772592961	0.9996497631072998
0.772595988	1.0505092144012451
0.7726280600000001	1.0998120307922363
0.772615313	1.135575771331787
0.772772299	1.1835269927978516
0.772420142	1.2333557605743408
0.773310603	1.2834901809692383
0.774835236	1.3333048820495605
0.773108739	1.383697748184204
0.7740920410000001	1.4145498275756836
0.773368345	1.4439871311187744
0.773813517	1.4833428859710693
0.772955071	1.533278465270996
0.77298691	1.5837593078613281
0.773387612	1.6332180500030518
0.772894186	1.6827683448791504
0.7726249749999999	1.7169444561004639
0.772823638	1.7500076293945312
0.77252253	1.8004062175750732
0.7726378389999999	1.849914312362671
0.772746571	1.8999011516571045
0.772628176	1.9544098377227783
0.7724968600000001	1.999955177307129
0.7726186890000001	2.0336432456970215
0.772487314	2.0835890769958496
0.7725704929999999	2.133601188659668
0.772519212	2.1829140186309814
0.772471307	2.233055830001831
0.772663392	2.2831408977508545
0.772567291	2.3184967041015625
0.772426545	2.3493213653564453
0.772493717	2.3856356143951416
0.772599247	2.4335777759552
0.7725800389999999	2.4836623668670654
0.7725096069999999	2.533097267150879
0.772554602	2.5832362174987793
0.772525789	2.616522789001465
0.772461412	2.650217056274414
0.772573694	2.70227313041687
0.772544881	2.7497260570526123
0.772576896	2.8000850677490234
0.772628235	2.8501017093658447
0.772554602	2.9001762866973877
0.7725353930000001	2.933208703994751
0.772538304	2.9853808879852295
0.772525789	3.0335519313812256
0.772532076	3.083549737930298
0.772544881	3.137299060821533
0.7725032049999999	3.1834876537323
0.77250984	3.218078374862671
0.772551284	3.2504565715789795
0.772461586	3.3000431060791016
0.7725191539999999	3.349747657775879
0.772436091	3.400141477584839
0.772468047	3.451688051223755
0.772448839	3.4998984336853027
0.7724647880000001	3.533346652984619
0.772436033	3.5830442905426025
0.772490632	3.633404493331909
0.772445637	3.683194160461426
0.772471307	3.7333335876464844
0.7723879530000001	3.7826437950134277
0.7724424360000001	3.8166847229003906
0.772388012	3.8503618240356445
0.772439176	3.899540662765503
0.772445754	3.9496703147888184
0.772429514	3.9992191791534424
0.772429747	4.049908638000488
0.772381609	4.099551200866699
0.772429688	4.134935617446899
0.772349536	4.1832664012908936
0.772410596	4.2333433628082275
0.772410363	4.283297777175903
0.7724681050000001	4.3332130908966064
0.7723624	4.38283109664917
0.772410422	4.4185097217559814
0.772525673	4.4489758014678955
0.772464904	4.483278512954712
0.7723720629999999	4.532750129699707
0.772394298	4.583320140838623
0.772509782	4.633623123168945
0.772381551	4.683383464813232
0.772448897	4.716564416885376
0.772445695	4.749367952346802
0.772397616	4.799514293670654
0.772407162	4.849412441253662
0.772423227	4.899726152420044
0.7723591989999999	4.949342966079712
0.772362342	4.999794244766235
0.772336731	5.03407883644104
0.77230786	5.0830395221710205
0.772304717	5.1333534717559814
0.77233999	5.1834330558776855
0.772285508	5.233288049697876
0.772416824	5.283232688903809
0.772436033	5.309578895568848
0.7723111189999999	5.343454122543335
0.772311352	5.382521629333496
0.7723849269999999	5.433449029922485
0.772416766	5.482629060745239
0.772439234	5.532766103744507
0.772394415	5.5832884311676025
0.772397674	5.609440088272095
0.77237509	5.6433024406433105
0.772301632	5.683259725570679
0.772394473	5.733215808868408
0.772346393	5.7827372550964355
0.772343192	5.832796573638916
0.772317755	5.883161544799805
0.772355939	5.916027069091797
0.7723624	5.949834585189819
0.772291853	6.003501653671265
0.772304891	6.050295114517212
0.7724039020000001	6.099872827529907
0.772384694	6.1494317054748535
0.77232084	6.199863910675049
0.7723912709999999	6.234496593475342
0.77233999	6.282767057418823
0.77232084	6.3351006507873535
0.772435917	6.382968425750732
0.7722919109999999	6.433839559555054
0.772285508	6.482667922973633
0.772301573	6.516197681427002
0.7723111189999999	6.550846815109253
0.772301573	6.59979510307312
0.772330444	6.651336669921875
0.7722983139999999	6.6991355419158936
0.772308093	6.749215841293335
0.772307976	6.799431085586548
0.7723496529999999	6.83297872543335
0.77235268	6.882802248001099
0.772285392	6.933233737945557
0.772291969	6.9850218296051025
0.7723561720000001	7.032953500747681
0.772330328	7.083019733428955
0.772317639	7.109403371810913
0.772359082	7.143184423446655
0.772327185	7.183372259140015
0.7723111189999999	7.232868432998657
0.7723624	7.2843194007873535
0.7723720629999999	7.332804918289185
0.772298197	7.3832738399505615
0.7723239829999999	7.412564277648926
0.7722919109999999	7.44283390045166
0.7723624	7.483005046844482
0.772298372	7.532639980316162
0.772333588	7.582707166671753
0.772349478	7.634084224700928
0.772272877	7.682690382003784
0.772259897	7.718284845352173
0.772260071	7.748609781265259
0.772199186	7.782670259475708
0.7723111189999999	7.832913875579834
0.772179745	7.882259368896484
0.772253436	7.935858488082886
0.772333471	7.982799053192139
0.772320782	8.016202449798584
0.772356056	8.050618171691895
0.772336789	8.099217653274536
0.7722983139999999	8.151780128479004
0.77233027	8.199164390563965
0.772352796	8.249437093734741
0.772269384	8.298896312713623
0.77232084	8.33434009552002
0.772285508	8.382144689559937
0.7722951699999999	8.43269395828247
0.772330328	8.483564615249634
0.7722920270000001	8.53275728225708
0.772247149	8.582736253738403
0.7722438899999999	8.609156847000122
0.7722246229999999	8.642597675323486
0.772186264	8.682815074920654
0.772272761	8.732347011566162
0.7721958099999999	8.782787561416626
0.772163912	8.833712577819824
0.772176776	8.882601976394653
0.772253494	8.915706396102905
0.772301573	8.949515342712402
0.772279105	8.999518156051636
0.7723720629999999	9.049099445343018
0.7723112940000001	9.098905324935913
0.772263156	9.149056434631348
0.77229843	9.1994309425354
0.772365602	9.232074975967407
0.772349478	9.28352403640747
0.772301632	9.332679271697998
0.772298372	9.382601976394653
0.772211817	9.433401584625244
0.772227824	9.482617139816284
0.772202271	9.517396688461304
0.7722086159999999	9.548426866531372
0.772186322	9.582422018051147
0.7722438899999999	9.632624864578247
0.772199128	9.682501077651978
0.772240688	9.733498096466064
0.772166939	9.782041549682617
0.7721766010000001	9.815646886825562
0.772211817	9.850368976593018
0.772163912	9.898956060409546
0.772154366	9.952087879180908
0.7721958099999999	9.999061584472656
0.772253494	10.052366495132446
0.772179861	10.099594593048096
0.772192783	10.134459733963013
0.772144587	10.183211326599121
0.7721766010000001	10.232494831085205
0.772157451	10.281877040863037
0.772167172	10.335890769958496
0.772199011	10.381986856460571
0.7722566949999999	10.41752552986145
0.772298197	10.448111057281494
0.772224856	10.484570503234863
0.7722696760000001	10.533358812332153
0.772234343	10.582438230514526
0.77232084	10.634467124938965
0.772282307	10.682360172271729
0.7723111779999999	10.715472221374512
0.772285683	10.74923324584961
0.772266241	10.7992684841156
0.772320782	10.848867416381836
0.772285508	10.899266481399536
0.772199128	10.94894289970398
0.772240688	10.998929738998413
0.772304833	11.034572839736938
0.772256637	11.08400297164917
0.772208674	11.134558200836182
0.7721735750000001	11.182244062423706
0.772192725	11.23417043685913
0.772205356	11.282217502593994
0.772192667	11.317476987838745
0.772256637	11.347293615341187
0.772240805	11.382107019424438
0.7722760200000001	11.433209419250488
0.772215019	11.48210096359253
0.7721766600000001	11.536803960800171
0.7722311420000001	11.582555055618286
0.7722310259999999	11.615760803222656
0.772218395	11.649151802062988
0.772099884	11.698796033859253
0.7721766600000001	11.749038934707642
0.772202271	11.79881238937378
0.772170315	11.849093437194824
0.772151048	11.89870023727417
0.772221538	11.9339280128479
0.772154308	11.984637260437012
0.7721735750000001	12.033324241638184
0.772170315	12.083074808120728
0.772103027	12.135610580444336
0.772083818	12.1832754611969
0.77214156	12.212572574615479
0.7721572769999999	12.243297338485718
0.7721029110000001	12.281954765319824
0.772125379	12.335404634475708
0.772163912	12.382197380065918
0.772234227	12.433782577514648
0.7722181619999999	12.482297897338867
0.772215251	12.515437126159668
0.772112689	12.54896330833435
0.772055006	12.59848427772522
0.77208702	12.648638010025024
0.77208376	12.698919773101807
0.771990861	12.748955249786377
0.772077416	12.798954963684082
0.772080442	12.83450722694397
0.772051804	12.883468627929688
0.772160711	12.933319330215454
0.7720902789999999	12.982089281082153
0.77210943	13.033997297286987
0.772099651	13.082000255584717
0.7720582069999999	13.117353916168213
0.772090221	13.147754907608032
0.772032537	13.182128667831421
0.771981198	13.233241081237793
0.772032421	13.282142639160156
0.7720836440000001	13.333889484405518
0.772035797	13.381622552871704
0.772096624	13.415601253509521
0.7720836440000001	13.44899320602417
0.772022817	13.498844385147095
Power (dBm)
28.87830960609605