Power (mW)	Time (sek)
0.551564386	0.13881230354309082
0.551558274	0.13881230354309082
0.551557227	0.13881230354309082
0.5515607770000001	0.13881230354309082
0.551563688	0.13881230354309082
0.5515634549999999	0.13881230354309082
0.551579811	0.13881230354309082
0.551601406	0.13881230354309082
0.5516235829999999	0.13881230354309082
0.551618461	0.13881230354309082
0.551654957	0.13881230354309082
0.5516398809999999	0.13881230354309082
0.551657635	0.13881230354309082
0.551652571	0.13881230354309082
0.551654492	0.13881230354309082
0.551678299	0.13881230354309082
0.551657635	0.13881230354309082
0.551676378	0.13881230354309082
0.551663805	0.13881230354309082
0.551685283	0.13881230354309082
0.551703793	0.13881230354309082
0.551676319	0.13881230354309082
0.5517029790000001	0.13881230354309082
0.551690639	0.13881230354309082
0.551707402	0.13881230354309082
0.551709614	0.13881230354309082
0.5517191020000001	0.13881230354309082
0.551711826	0.13881230354309082
0.551707635	0.13881230354309082
0.55168767	0.13881230354309082
0.5516457020000001	0.13881230354309082
0.551708101	0.13881230354309082
0.551721954	0.13881230354309082
0.5517494860000001	0.13881230354309082
0.55180752	0.13881230354309082
0.551706937	0.13881230354309082
0.551612815	0.13881230354309082
0.55140449	0.13881230354309082
0.551117933	0.13881230354309082
0.550895522	0.13881230354309082
0.5507321909999999	0.13881230354309082
0.5504833530000001	0.13881230354309082
0.550203491	0.13881230354309082
0.549962569	0.13881230354309082
0.5497349779999999	0.13881230354309082
0.549555931	0.13881230354309082
0.549451157	0.13881230354309082
0.549371587	0.13881230354309082
0.5492602360000001	0.13881230354309082
0.549130782	0.13881230354309082
0.549060584	0.13881230354309082
0.548976474	0.13881230354309082
0.5489086030000001	0.13881230354309082
0.5488756	0.13881230354309082
0.548865064	0.13881230354309082
0.548812095	0.13881230354309082
0.548773329	0.13881230354309082
0.5487498129999999	0.13881230354309082
0.548766635	0.13881230354309082
0.5487582529999999	0.13881230354309082
0.5487624440000001	0.13881230354309082
0.548766926	0.13881230354309082
0.548754993	0.13881230354309082
0.548798183	0.13881230354309082
0.548818149	0.13881230354309082
0.548824144	0.13881230354309082
0.548810058	0.13881230354309082
0.54884667	0.13881230354309082
0.548859593	0.13881230354309082
0.5488840979999999	0.13881230354309082
0.54889411	0.13881230354309082
0.548879907	0.13881230354309082
0.548879558	0.13881230354309082
0.548873155	0.13881230354309082
0.548901851	0.13881230354309082
0.54889865	0.13881230354309082
0.548891432	0.13881230354309082
0.548882817	0.13881230354309082
0.548911456	0.13881230354309082
0.54896134	0.13881230354309082
0.548962271	0.13881230354309082
0.548960757	0.13881230354309082
0.548944168	0.13881230354309082
0.5489467290000001	0.13881230354309082
0.548983808	0.13881230354309082
0.5489828760000001	0.13881230354309082
0.5489786849999999	0.13881230354309082
0.548955984	0.13881230354309082
0.548980024	0.13881230354309082
0.549007324	0.13881230354309082
0.549018616	0.13881230354309082
0.548992597	0.13881230354309082
0.548984797	0.13881230354309082
0.549030025	0.13881230354309082
0.549023214	0.13881230354309082
0.549022632	0.13881230354309082
0.5490119219999999	0.13881230354309082
0.549011864	0.13881230354309082
0.549062563	0.13881230354309082
0.549065066	0.13881230354309082
0.549082295	0.13881230354309082
0.5490700709999999	0.13881230354309082
0.549073622	0.13881230354309082
0.549097545	0.13881230354309082
0.549124088	0.13881230354309082
0.549142598	0.13881230354309082
0.549134391	0.13881230354309082
0.5491878259999999	0.13881230354309082
0.549203076	0.13881230354309082
0.549219782	0.13881230354309082
0.549210818	0.13881230354309082
0.549217861	0.13881230354309082
0.549270771	0.13881230354309082
0.549275021	0.13881230354309082
0.549308956	0.13881230354309082
0.549311226	0.13881230354309082
0.5493467320000001	0.13881230354309082
0.5493514469999999	0.13881230354309082
0.549375138	0.13881230354309082
0.54942962	0.13881230354309082
0.549385033	0.13881230354309082
0.549396384	0.13881230354309082
0.5493893400000001	0.13881230354309082
0.549461343	0.13881230354309082
0.549493649	0.13881230354309082
0.54947671	0.13881230354309082
0.549449644	0.13881230354309082
0.549493649	0.13881230354309082
0.5495614609999999	0.13881230354309082
0.549564022	0.13881230354309082
0.549568038	0.13881230354309082
0.549550343	0.13881230354309082
0.549564953	0.13881230354309082
0.549633114	0.13881230354309082
0.549624965	0.13881230354309082
0.549639866	0.13881230354309082
0.549632008	0.13881230354309082
0.549666525	0.13881230354309082
0.54970145	0.13881230354309082
0.549711462	0.13881230354309082
0.5497343370000001	0.13881230354309082
0.549726363	0.13881230354309082
0.5497738019999999	0.13881230354309082
0.54978457	0.13881230354309082
0.5497978419999999	0.13881230354309082
0.549799181	0.13881230354309082
0.549790799	0.13881230354309082
0.549830205	0.13881230354309082
0.549843768	0.13881230354309082
0.5498644309999999	0.13881230354309082
0.549855817	0.13881230354309082
0.5498702520000001	0.13881230354309082
0.549883815	0.13881230354309082
0.5498941169999999	0.13881230354309082
0.549907389	0.13881230354309082
0.549895107	0.13881230354309082
0.5499174	0.13881230354309082
0.549927761	0.13881230354309082
0.5499494149999999	0.13881230354309082
0.549952558	0.13881230354309082
0.549945107	0.13881230354309082
0.549975841	0.13881230354309082
0.5499752010000001	0.13881230354309082
0.5499935359999999	0.13881230354309082
0.549977762	0.13881230354309082
0.549995864	0.13881230354309082
0.550021068	0.13881230354309082
0.550012686	0.13881230354309082
0.550028053	0.13881230354309082
0.5500396359999999	0.13881230354309082
0.550072	0.13881230354309082
0.550063211	0.13881230354309082
0.550097961	0.13881230354309082
0.550108496	0.13881230354309082
0.550112745	0.13881230354309082
0.550131779	0.13881230354309082
0.5501327100000001	0.13881230354309082
0.5501591370000001	0.13881230354309082
0.550147495	0.13881230354309082
0.550160534	0.13881230354309082
0.550166005	0.13881230354309082
0.550173689	0.13881230354309082
0.550192141	0.13881230354309082
0.5501928970000001	0.13881230354309082
0.5502060520000001	0.13881230354309082
0.550207158	0.13881230354309082
0.550236611	0.13881230354309082
0.550243771	0.13881230354309082
0.550224329	0.13881230354309082
0.550237019	0.13881230354309082
0.550222874	0.13881230354309082
0.550253841	0.13881230354309082
0.550259545	0.13881230354309082
0.550266355	0.13881230354309082
0.5502754360000001	0.13881230354309082
0.550272758	0.13881230354309082
0.5502961580000001	0.13881230354309082
0.550305296	0.13881230354309082
0.550311583	0.13881230354309082
0.550295692	0.13881230354309082
0.550334458	0.13881230354309082
0.550344819	0.13881230354309082
0.550352968	0.13881230354309082
0.5503513969999999	0.13881230354309082
0.5503406279999999	0.13881230354309082
0.5503582069999999	0.13881230354309082
0.550360011	0.13881230354309082
0.550389406	0.13881230354309082
0.550383236	0.13881230354309082
0.550390512	0.13881230354309082
0.550406519	0.13881230354309082
0.550398021	0.13881230354309082
0.550425553	0.13881230354309082
0.550420198	0.13881230354309082
0.5504245050000001	0.13881230354309082
0.550440629	0.13881230354309082
0.550436496	0.13881230354309082
0.550458732	0.13881230354309082
0.550456112	0.13881230354309082
0.550475495	0.13881230354309082
0.5504684519999999	0.13881230354309082
0.5504854490000001	0.13881230354309082
0.5504917349999999	0.13881230354309082
0.550492608	0.13881230354309082
0.550506753	0.13881230354309082
0.550495926	0.13881230354309082
0.5505210140000001	0.13881230354309082
0.55050716	0.13881230354309082
0.550529396	0.13881230354309082
0.550536206	0.13881230354309082
0.550541619	0.13881230354309082
0.55054616	0.13881230354309082
0.550543657	0.13881230354309082
0.550567464	0.13881230354309082
0.550566765	0.13881230354309082
0.550577766	0.13881230354309082
0.550586847	0.13881230354309082
0.5505827139999999	0.13881230354309082
0.550597557	0.13881230354309082
0.550588826	0.13881230354309082
0.550596567	0.13881230354309082
0.5505942389999999	0.13881230354309082
0.550614961	0.13881230354309082
0.550616824	0.13881230354309082
0.550611876	0.13881230354309082
0.550623925	0.13881230354309082
0.550621073	0.13881230354309082
0.55065786	0.13881230354309082
0.55065268	0.13881230354309082
0.550646917	0.13881230354309082
0.550672703	0.13881230354309082
0.5506565210000001	0.13881230354309082
0.550675322	0.13881230354309082
0.550678116	0.13881230354309082
0.550690806	0.13881230354309082
0.550683297	0.13881230354309082
0.550699886	0.13881230354309082
0.5507108869999999	0.13881230354309082
0.550716009	0.13881230354309082
0.5507240999999999	0.13881230354309082
0.550721423	0.13881230354309082
0.550742203	0.13881230354309082
0.550723111	0.13881230354309082
0.55074651	0.13881230354309082
0.550762168	0.13881230354309082
0.550755416	0.13881230354309082
0.550771132	0.13881230354309082
0.550776662	0.13881230354309082
0.5507911560000001	0.13881230354309082
0.550787256	0.13881230354309082
0.550799014	0.13881230354309082
0.550810248	0.13881230354309082
0.5507912140000001	0.13881230354309082
0.550807628	0.13881230354309082
0.550793891	0.13881230354309082
0.5508232860000001	0.13881230354309082
0.5508147299999999	0.13881230354309082
0.550825789	0.13881230354309082
0.550829631	0.13881230354309082
0.550831552	0.13881230354309082
0.5508391189999999	0.13881230354309082
0.550841563	0.13881230354309082
0.55085792	0.13881230354309082
0.550847733	0.13881230354309082
0.550872355	0.13881230354309082
0.550868688	0.13881230354309082
0.550869678	0.13881230354309082
0.550886907	0.13881230354309082
0.550876779	0.13881230354309082
0.5509014010000001	0.13881230354309082
0.550891331	0.13881230354309082
0.5509118780000001	0.13881230354309082
0.550924742	0.13881230354309082
0.5509222970000001	0.13881230354309082
0.550936849	0.13881230354309082
0.5509364999999999	0.13881230354309082
0.5509599000000001	0.13881230354309082
0.5509555340000001	0.13881230354309082
0.550975557	0.13881230354309082
0.550961064	0.13881230354309082
Power (dBm)
27.405000937642228