Power (mW)	Time (sek)
0.5427366699999999	0.13727355003356934
0.542736903	0.13727355003356934
0.542755355	0.13727355003356934
0.5427756109999999	0.13727355003356934
0.5427523870000001	0.13727355003356934
0.542768743	0.13727355003356934
0.5427736910000001	0.13727355003356934
0.542785332	0.13727355003356934
0.542807451	0.13727355003356934
0.542796683	0.13727355003356934
0.542805006	0.13727355003356934
0.542816357	0.13727355003356934
0.542820781	0.13727355003356934
0.5428362640000001	0.13727355003356934
0.542825146	0.13727355003356934
0.542859256	0.13727355003356934
0.542866415	0.13727355003356934
0.542865135	0.13727355003356934
0.542867347	0.13727355003356934
0.5428754960000001	0.13727355003356934
0.542889524	0.13727355003356934
0.542918104	0.13727355003356934
0.5429115840000001	0.13727355003356934
0.542934169	0.13727355003356934
0.5429267179999999	0.13727355003356934
0.542953901	0.13727355003356934
0.5429519810000001	0.13727355003356934
0.542932248	0.13727355003356934
0.542934518	0.13727355003356934
0.542941561	0.13727355003356934
0.542904541	0.13727355003356934
0.542887312	0.13727355003356934
0.542893948	0.13727355003356934
0.5428951120000001	0.13727355003356934
0.542904541	0.13727355003356934
0.5429187440000001	0.13727355003356934
0.54289744	0.13727355003356934
0.542890921	0.13727355003356934
0.542849593	0.13727355003356934
0.54282666	0.13727355003356934
0.5428954610000001	0.13727355003356934
0.5436930219999999	0.13727355003356934
0.546398573	0.13727355003356934
0.547268079	0.13727355003356934
0.547056086	0.13727355003356934
0.5472910710000001	0.13727355003356934
0.547096774	0.13727355003356934
0.54662989	0.13727355003356934
0.546085997	0.13727355003356934
0.544960611	0.13727355003356934
0.544404902	0.13727355003356934
0.542525842	0.13727355003356934
0.542382826	0.13727355003356934
0.5423252590000001	0.13727355003356934
0.541899877	0.13727355003356934
0.542071706	0.13727355003356934
0.5416669879999999	0.13727355003356934
0.541673275	0.13727355003356934
0.541408313	0.13727355003356934
0.541401154	0.13727355003356934
0.541544752	0.13727355003356934
0.541373156	0.13727355003356934
0.54142141	0.13727355003356934
0.541377871	0.13727355003356934
0.5414357289999999	0.13727355003356934
0.54141297	0.13727355003356934
0.541353482	0.13727355003356934
0.541476125	0.13727355003356934
0.5414605259999999	0.13727355003356934
0.541439862	0.13727355003356934
0.541521935	0.13727355003356934
0.541504705	0.13727355003356934
0.5415767659999999	0.13727355003356934
0.5415122139999999	0.13727355003356934
0.541578745	0.13727355003356934
0.5416261269999999	0.13727355003356934
0.541585789	0.13727355003356934
0.5417045899999999	0.13727355003356934
0.5416671630000001	0.13727355003356934
0.541758898	0.13727355003356934
0.5417290379999999	0.13727355003356934
0.5417524370000001	0.13727355003356934
0.541814312	0.13727355003356934
0.5417675129999999	0.13727355003356934
0.541829038	0.13727355003356934
0.541798538	0.13727355003356934
0.541857677	0.13727355003356934
0.5418402720000001	0.13727355003356934
0.541852554	0.13727355003356934
0.541877234	0.13727355003356934
0.541885034	0.13727355003356934
0.541921123	0.13727355003356934
0.5419162919999999	0.13727355003356934
0.541966641	0.13727355003356934
0.541956804	0.13727355003356934
0.541963207	0.13727355003356934
0.5419877120000001	0.13727355003356934
0.5419735099999999	0.13727355003356934
0.541984045	0.13727355003356934
0.541968679	0.13727355003356934
0.541981892	0.13727355003356934
0.5419846859999999	0.13727355003356934
0.5420061060000001	0.13727355003356934
0.542060647	0.13727355003356934
0.542107795	0.13727355003356934
0.5421785170000001	0.13727355003356934
0.542189868	0.13727355003356934
0.5421888199999999	0.13727355003356934
0.542181719	0.13727355003356934
0.542171299	0.13727355003356934
0.542160647	0.13727355003356934
0.542149413	0.13727355003356934
0.542172696	0.13727355003356934
0.542175549	0.13727355003356934
0.54220215	0.13727355003356934
0.542194	0.13727355003356934
0.542226888	0.13727355003356934
0.54223492	0.13727355003356934
0.542243011	0.13727355003356934
0.542280322	0.13727355003356934
0.5422856779999999	0.13727355003356934
0.542326947	0.13727355003356934
0.5423211840000001	0.13727355003356934
0.54234569	0.13727355003356934
0.542353373	0.13727355003356934
0.542358554	0.13727355003356934
0.54239668	0.13727355003356934
0.542406808	0.13727355003356934
0.5424277620000001	0.13727355003356934
0.542423164	0.13727355003356934
0.542450987	0.13727355003356934
0.542468159	0.13727355003356934
0.5424879490000001	0.13727355003356934
0.542526133	0.13727355003356934
0.542539638	0.13727355003356934
0.542559079	0.13727355003356934
0.542563095	0.13727355003356934
0.5425807899999999	0.13727355003356934
0.54259738	0.13727355003356934
0.542600756	0.13727355003356934
0.5426249700000001	0.13727355003356934
0.542613911	0.13727355003356934
0.5426481369999999	0.13727355003356934
0.5426501159999999	0.13727355003356934
0.542674039	0.13727355003356934
0.542689115	0.13727355003356934
0.5426802089999999	0.13727355003356934
0.542688824	0.13727355003356934
0.542702153	0.13727355003356934
0.542736612	0.13727355003356934
0.5427320720000001	0.13727355003356934
0.54276397	0.13727355003356934
0.5427734	0.13727355003356934
0.5427889410000001	0.13727355003356934
0.5428020960000001	0.13727355003356934
0.542800524	0.13727355003356934
0.542821479	0.13727355003356934
0.542836322	0.13727355003356934
0.54285652	0.13727355003356934
0.542871479	0.13727355003356934
0.542865833	0.13727355003356934
0.54289418	0.13727355003356934
0.542915193	0.13727355003356934
0.5429467419999999	0.13727355003356934
0.542939641	0.13727355003356934
0.542958966	0.13727355003356934
0.542975322	0.13727355003356934
0.542983238	0.13727355003356934
0.543015834	0.13727355003356934
0.543005764	0.13727355003356934
0.5430376619999999	0.13727355003356934
0.5430232269999999	0.13727355003356934
0.5430589659999999	0.13727355003356934
0.5430697929999999	0.13727355003356934
0.543061644	0.13727355003356934
0.543097209	0.13727355003356934
0.54309098	0.13727355003356934
0.543106522	0.13727355003356934
0.543091039	0.13727355003356934
0.543103903	0.13727355003356934
0.543128175	0.13727355003356934
0.543133647	0.13727355003356934
0.5431611789999999	0.13727355003356934
0.5431631	0.13727355003356934
0.543190225	0.13727355003356934
0.543203612	0.13727355003356934
0.543211529	0.13727355003356934
0.543195289	0.13727355003356934
0.5431785250000001	0.13727355003356934
0.543166592	0.13727355003356934
0.543161063	0.13727355003356934
0.543173286	0.13727355003356934
0.54316246	0.13727355003356934
0.543201866	0.13727355003356934
0.543201924	0.13727355003356934
0.543202972	0.13727355003356934
0.54322707	0.13727355003356934
0.543226604	0.13727355003356934
0.543221366	0.13727355003356934
0.54320757	0.13727355003356934
0.543214381	0.13727355003356934
0.54325111	0.13727355003356934
0.543245755	0.13727355003356934
0.543297618	0.13727355003356934
0.543331611	0.13727355003356934
0.543360249	0.13727355003356934
0.543331145	0.13727355003356934
0.543348317	0.13727355003356934
0.543333823	0.13727355003356934
0.54332416	0.13727355003356934
0.5433365	0.13727355003356934
0.543325674	0.13727355003356934
0.543338945	0.13727355003356934
0.543333415	0.13727355003356934
0.5433366749999999	0.13727355003356934
0.5433302139999999	0.13727355003356934
0.543326081	0.13727355003356934
0.543340459	0.13727355003356934
0.543343776	0.13727355003356934
0.5433390029999999	0.13727355003356934
0.543335045	0.13727355003356934
0.543353788	0.13727355003356934
0.543346978	0.13727355003356934
0.543369388	0.13727355003356934
0.543385861	0.13727355003356934
0.543380913	0.13727355003356934
0.543388713	0.13727355003356934
0.543390343	0.13727355003356934
0.543408445	0.13727355003356934
0.543418748	0.13727355003356934
0.543403847	0.13727355003356934
0.543406757	0.13727355003356934
0.5434177	0.13727355003356934
0.543425151	0.13727355003356934
0.543411938	0.13727355003356934
0.543428992	0.13727355003356934
0.5434264889999999	0.13727355003356934
0.54341997	0.13727355003356934
0.5434525659999999	0.13727355003356934
0.543433067	0.13727355003356934
0.543432892	0.13727355003356934
0.543454546	0.13727355003356934
0.543442671	0.13727355003356934
0.543447735	0.13727355003356934
0.543463218	0.13727355003356934
0.5434703200000001	0.13727355003356934
0.543464732	0.13727355003356934
0.543480332	0.13727355003356934
0.543465372	0.13727355003356934
0.543475209	0.13727355003356934
0.543472299	0.13727355003356934
0.5434705529999999	0.13727355003356934
0.543486793	0.13727355003356934
0.543487724	0.13727355003356934
0.543499598	0.13727355003356934
0.543485454	0.13727355003356934
0.543474511	0.13727355003356934
0.543462287	0.13727355003356934
0.543453149	0.13727355003356934
0.543454546	0.13727355003356934
0.543456699	0.13727355003356934
0.543474162	0.13727355003356934
0.5434773629999999	0.13727355003356934
0.543480972	0.13727355003356934
0.543498027	0.13727355003356934
0.5434902850000001	0.13727355003356934
0.543502916	0.13727355003356934
0.5434987250000001	0.13727355003356934
0.5435051280000001	0.13727355003356934
0.5435077469999999	0.13727355003356934
0.543509959	0.13727355003356934
0.54351479	0.13727355003356934
0.543533242	0.13727355003356934
0.543538074	0.13727355003356934
0.543537783	0.13727355003356934
0.5435635099999999	0.13727355003356934
0.543561706	0.13727355003356934
0.54357812	0.13727355003356934
0.543573755	0.13727355003356934
0.5435615890000001	0.13727355003356934
0.543604256	0.13727355003356934
0.543602626	0.13727355003356934
0.543603324	0.13727355003356934
0.543607457	0.13727355003356934
0.5436223	0.13727355003356934
0.54361904	0.13727355003356934
0.5436159549999999	0.13727355003356934
0.543621369	0.13727355003356934
0.543639238	0.13727355003356934
0.5436404029999999	0.13727355003356934
0.543640752	0.13727355003356934
0.543645932	0.13727355003356934
0.543654314	0.13727355003356934
0.543634931	0.13727355003356934
0.543670903	0.13727355003356934
0.543665956	0.13727355003356934
0.543683651	0.13727355003356934
0.543690461	0.13727355003356934
0.5436998329999999	0.13727355003356934
0.543697854	0.13727355003356934
Power (dBm)
27.34749671785054