Power (mW)	Time (sek)
1.170959	0.1095
1.170943	0.1400
1.170956	0.1671
1.170998	0.2226
1.170857	0.2691
1.170937	0.3203
1.171049	0.3523
1.171171	0.4047
1.171123	0.4535
1.170901	0.5036
1.170847	0.5485
1.170946	0.6048
1.170930	0.6325
1.170943	0.6647
1.171004	0.7017
1.170940	0.7520
1.170966	0.8038
1.170979	0.8505
1.170934	0.9022
1.170959	0.9341
1.170914	0.9685
1.170962	1.0025
1.170930	1.0526
1.170943	1.1026
1.170869	1.1495
1.170937	1.2034
1.170856	1.2343
1.170930	1.2661
1.171052	1.3038
1.170979	1.3489
1.171017	1.4043
1.170962	1.4527
1.170994	1.5009
1.170969	1.5328
1.170950	1.5655
1.170966	1.6043
1.171020	1.6515
1.170998	1.6998
1.170934	1.7514
1.171033	1.8045
1.171039	1.8326
1.171084	1.8675
1.171004	1.9047
1.170933	1.9526
1.171011	2.0050
1.170959	2.0501
1.170895	2.1028
1.170927	2.1348
1.170879	2.1592
1.171011	2.2056
1.170911	2.2522
1.171004	2.2985
1.171065	2.3522
1.171027	2.4040
1.170982	2.4340
1.170962	2.4655
1.171020	2.5042
1.170975	2.5534
1.170975	2.6027
1.171085	2.6521
1.170237	2.7003
1.164360	2.7316
1.159786	2.7632
1.157721	2.7999
1.161922	2.8553
1.175654	2.9054
1.154850	2.9564
1.171113	3.0090
1.171030	3.0398
1.170169	3.0710
1.171181	3.1252
1.171480	3.1724
1.170420	3.2250
1.169572	3.2751
1.169646	3.3230
1.170166	3.3524
1.170471	3.4089
1.170548	3.4498
1.170166	3.5022
1.169514	3.5525
1.169568	3.6020
1.170143	3.6348
1.170632	3.6624
1.170760	3.7029
1.170336	3.7537
1.169864	3.8056
1.169520	3.8481
1.169819	3.9024
1.170269	3.9290
1.170285	3.9631
1.170516	4.0067
1.170451	4.0540
1.170195	4.0980
1.170320	4.1536
1.170487	4.2048
1.170554	4.2371
1.170513	4.2665
1.170208	4.3028
1.170185	4.3484
1.170310	4.4066
1.170262	4.4531
1.170484	4.5048
1.170426	4.5352
1.170217	4.5667
1.169842	4.6061
1.169861	4.6518
1.170025	4.7035
1.170079	4.7530
1.170073	4.8038
1.170015	4.8350
1.170085	4.8665
1.170095	4.9048
1.170217	4.9543
1.170031	5.0016
1.170034	5.0494
1.170009	5.0986
1.169948	5.1335
1.169963	5.1650
1.169941	5.2055
1.169989	5.2544
1.170073	5.3035
1.170150	5.3520
1.170102	5.4032
1.169890	5.4317
1.169951	5.4658
1.170012	5.5038
1.169912	5.5536
1.169957	5.6057
1.169906	5.6530
1.170022	5.7005
1.170031	5.7318
1.170015	5.7626
1.169967	5.8055
1.169964	5.8522
1.169912	5.9012
1.169996	5.9516
1.170025	6.0057
1.169992	6.0312
1.169967	6.0657
1.170176	6.1036
1.169973	6.1534
1.170025	6.2064
1.169986	6.2519
1.170025	6.3033
1.170069	6.3354
1.169980	6.3659
1.170073	6.3975
1.170089	6.4532
1.170066	6.5015
1.169973	6.5541
1.170005	6.6007
1.169945	6.6318
1.170079	6.6645
1.169957	6.7039
1.170002	6.7495
1.170021	6.8062
1.169951	6.8637
1.169874	6.8984
1.169964	6.9335
1.170012	6.9647
1.169918	7.0064
1.169996	7.0526
1.169970	7.1036
1.170018	7.1535
1.169996	7.2057
1.170047	7.2340
1.170009	7.2651
1.169871	7.3030
1.169845	7.3509
1.169954	7.3987
1.169944	7.4544
1.169970	7.5051
1.170002	7.5358
1.169976	7.5662
1.169858	7.6035
1.169890	7.6484
1.169906	7.6957
1.169877	7.7478
1.169855	7.8055
1.169948	7.8352
1.169880	7.8662
1.169883	7.8946
1.169903	7.9540
1.169932	8.0036
1.169870	8.0519
1.169922	8.1166
1.169996	8.1574
1.170009	8.2050
1.169922	8.2520
1.169835	8.3033
1.169928	8.3526
1.169909	8.4030
1.169906	8.4348
1.170034	8.4641
1.169954	8.5048
1.169909	8.5538
1.169964	8.6048
1.169874	8.6536
1.169970	8.6964
1.170047	8.7340
1.169995	8.7620
1.169970	8.8021
1.169941	8.8538
1.169899	8.9033
1.169851	8.9537
1.170002	9.0034
1.169960	9.0367
1.169951	9.0673
1.169883	9.1030
1.169793	9.1534
1.169906	9.2043
1.169960	9.2531
1.169960	9.3021
1.169813	9.3305
1.169790	9.3612
1.169832	9.4057
1.169854	9.4540
1.169976	9.5045
1.169845	9.5506
1.169980	9.5994
1.169864	9.6350
1.169951	9.6658
1.169893	9.7026
1.169845	9.7543
1.169928	9.8060
1.169874	9.8537
1.169883	9.9035
1.169957	9.9345
1.169874	9.9639
1.169912	10.0061
1.169855	10.0525
1.169983	10.1033
1.169899	10.1516
1.169976	10.2050
1.170041	10.2369
1.169986	10.2644
1.169967	10.3055
1.169934	10.3503
1.169941	10.4057
1.169921	10.4505
1.170079	10.5044
1.169983	10.5296
1.169983	10.5598
1.169992	10.6050
1.169919	10.6535
1.169954	10.6992
1.170031	10.7505
1.169964	10.8041
1.169909	10.8364
1.169893	10.8712
1.169967	10.9202
1.170018	10.9715
1.169918	11.0228
1.169935	11.0637
1.169870	11.1191
1.169899	11.1513
1.169918	11.2064
1.169883	11.2535
1.169880	11.3028
1.169890	11.3499
1.169909	11.4035
1.169777	11.4368
1.169870	11.4664
1.169938	11.5035
1.170137	11.5541
1.170102	11.5986
1.170044	11.6520
1.170102	11.7015
1.169838	11.7292
1.169803	11.7648
1.169858	11.8028
1.169829	11.8540
1.169880	11.9049
1.169812	11.9534
1.169794	12.0059
1.169918	12.0367
1.169896	12.0667
1.169912	12.1008
1.169922	12.1519
1.169983	12.2035
1.169841	12.2535
1.170214	12.3033
1.169877	12.3341
1.169944	12.3647
1.169951	12.4015
1.169877	12.4526
1.169886	12.5025
1.170057	12.5535
1.169970	12.6064
1.170108	12.6377
1.170111	12.6662
1.169899	12.7058
1.169845	12.7538
1.169854	12.8002
1.169935	12.8535
1.169986	12.9039
1.169954	12.9335
1.169980	12.9605
1.169986	13.0024
1.169986	13.0511

Mean Power (dBm):	0.6821
Mean Power (mW):	1.170052
