Power (mW)	Time (sek)
0.426896	0.1073
0.426908	0.1372
0.426887	0.1740
0.426900	0.2040
0.426898	0.2345
0.426895	0.2736
0.426899	0.3245
0.426857	0.3738
0.426853	0.4249
0.426863	0.4739
0.426866	0.5041
0.426857	0.5344
0.426856	0.5738
0.426853	0.6239
0.426856	0.6736
0.426875	0.7252
0.426859	0.7738
0.426861	0.8038
0.426840	0.8341
0.426847	0.8738
0.426848	0.9260
0.426868	0.9740
0.426842	1.0252
0.426834	1.0743
0.426822	1.1048
0.426835	1.1352
0.426831	1.1738
0.426850	1.2257
0.426832	1.2740
0.426815	1.3269
0.426820	1.3742
0.426815	1.4045
0.426821	1.4347
0.426824	1.4745
0.426819	1.5242
0.426821	1.5736
0.426816	1.6250
0.426836	1.6743
0.426851	1.7047
0.426826	1.7353
0.426808	1.7742
0.426806	1.8238
0.426820	1.8737
0.426840	1.9251
0.426867	1.9740
0.426874	2.0047
0.426861	2.0356
0.426865	2.0739
0.426880	2.1257
0.426894	2.1743
0.426926	2.2266
0.427045	2.2743
0.427058	2.3050
0.427136	2.3357
0.427202	2.3739
0.427246	2.4235
0.427149	2.4740
0.427176	2.5266
0.427174	2.5732
0.427096	2.6052
0.427052	2.6358
0.427058	2.6734
0.427000	2.7233
0.426766	2.7732
0.427366	2.8241
0.428406	2.8736
0.428532	2.9046
0.428234	2.9360
0.427906	2.9736
0.427684	3.0236
0.427500	3.0737
0.427326	3.1248
0.427235	3.1738
0.427206	3.2042
0.427224	3.2348
0.427209	3.2741
0.427185	3.3260
0.427207	3.3739
0.427185	3.4248
0.427128	3.4739
0.427157	3.5047
0.427190	3.5358
0.427190	3.5732
0.427156	3.6232
0.427101	3.6735
0.427109	3.7266
0.427118	3.7738
0.427114	3.8039
0.427096	3.8343
0.427067	3.8736
0.427027	3.9238
0.427010	3.9730
0.427035	4.0241
0.427025	4.0732
0.427054	4.1045
0.427070	4.1350
0.427076	4.1734
0.427074	4.2254
0.427082	4.2728
0.427086	4.3246
0.427090	4.3737
0.427054	4.4042
0.427035	4.4353
0.427020	4.4733
0.427031	4.5250
0.427013	4.5730
0.426995	4.6246
0.426982	4.6740
0.426986	4.7048
0.427013	4.7352
0.427026	4.7736
0.427046	4.8236
0.427008	4.8739
0.426976	4.9272
0.427008	4.9735
0.427033	5.0040
0.427062	5.0730
0.427024	5.1234
0.426994	5.1735
0.427010	5.2262
0.427030	5.2740
0.427027	5.3049
0.427041	5.3355
0.427038	5.3738
0.427046	5.4239
0.427046	5.4732
0.427021	5.5250
0.427052	5.5741
0.427082	5.6044
0.427080	5.6352
0.427056	5.6737
0.427033	5.7256
0.427034	5.7738
0.427048	5.8250
0.427034	5.8736
0.426978	5.9043
0.426979	5.9356
0.426989	5.9734
0.427001	6.0238
0.427027	6.0737
0.427010	6.1266
0.427018	6.1734
0.427038	6.2038
0.427050	6.2343
0.427059	6.2734
0.427038	6.3240
0.427020	6.3733
0.427025	6.4243
0.427029	6.4741
0.427011	6.5049
0.427003	6.5355
0.426989	6.5733
0.427007	6.6233
0.427016	6.6729
0.427004	6.7247
0.426992	6.7739
0.426991	6.8047
0.427000	6.8348
0.427017	6.8731
0.427024	6.9249
0.427010	6.9734
0.427002	7.0244
0.427025	7.0736
0.427022	7.1042
0.427025	7.1350
0.427014	7.1732
0.427028	7.2249
0.427056	7.2735
0.427067	7.3270
0.427066	7.3736
0.427056	7.4045
0.427060	7.4351
0.427070	7.4736
0.427084	7.5236
0.427102	7.5731
0.427070	7.6242
0.427077	7.6735
0.427050	7.7046
0.427070	7.7351
0.427061	7.7733
0.427053	7.8230
0.427041	7.8726
0.427041	7.9243
0.427029	7.9734
0.427028	8.0040
0.427027	8.0349
0.427027	8.0728
0.427035	8.1250
0.427074	8.1728
0.427033	8.2261
0.427012	8.2740
0.427016	8.3045
0.427025	8.3349
0.427017	8.3731
0.427036	8.4230
0.427017	8.4734
0.427015	8.5264
0.427041	8.5733
0.427043	8.6170
0.427022	8.6471
0.427028	8.6921
0.427031	8.7423
0.427027	8.7918
0.427028	8.8427
0.427024	8.8920
0.427017	8.9232
0.427016	8.9738
0.427015	9.0238
0.427007	9.0730
0.427043	9.1240
0.427069	9.1732
0.427077	9.2030
0.427070	9.2333
0.427053	9.2734
0.427051	9.3246
0.427079	9.3728
0.427103	9.4235
0.427104	9.4728
0.427089	9.5027
0.427089	9.5327
0.427106	9.5726
0.427068	9.6230
0.427055	9.6732
0.427048	9.7266
0.427110	9.7728
0.427114	9.8036
0.427095	9.8342
0.427071	9.8732
0.427076	9.9234
0.427085	9.9727
0.427114	10.0241
0.427132	10.0728
0.427101	10.1032
0.427091	10.1330
0.427065	10.1728
0.427057	10.2243
0.427075	10.2727
0.427046	10.3237
0.427035	10.3731
0.427027	10.4037
0.427040	10.4344
0.427027	10.4732
0.427003	10.5254
0.427025	10.5728
0.427030	10.6242
0.427022	10.6739
0.427018	10.7055
0.427004	10.7358
0.427024	10.7733
0.427025	10.8235
0.427024	10.8730
0.427012	10.9260
0.427011	10.9733
0.427000	11.0047
0.427005	11.0351
0.427007	11.0735
0.427005	11.1232
0.427008	11.1729
0.427025	11.2255
0.427032	11.2735
0.426998	11.3041
0.426995	11.3341
0.426988	11.3735
0.426994	11.4232
0.427020	11.4735
0.427012	11.5245
0.427013	11.5731
0.427001	11.6034
0.427016	11.6337
0.427021	11.6734
0.427037	11.7251
0.427046	11.7734
0.427030	11.8244
0.427045	11.8736
0.427023	11.9052
0.427027	11.9357
0.427020	11.9736
0.427008	12.0230
0.427013	12.0731
0.427022	12.1264
0.427023	12.1736
0.427007	12.2046
0.427014	12.2345
0.427006	12.2735
0.427013	12.3235
0.427027	12.3734
0.427033	12.4239
0.427039	12.4737
0.427027	12.5048
0.427040	12.5362
0.427009	12.5734
0.427017	12.6234
0.427032	12.6730
0.427025	12.7239
0.427050	12.7733
0.427025	12.8038
0.427031	12.8345
0.427017	12.8733
0.427037	12.9252
0.427050	12.9729

Mean Power (dBm):	-3.6954
Mean Power (mW):	0.427036
