Power (mW)	Time (sek)
0.427330	0.1091
0.427312	0.1393
0.427326	0.1805
0.427344	0.2133
0.427324	0.2436
0.427307	0.2809
0.427313	0.3310
0.427318	0.3809
0.427303	0.4318
0.427301	0.4805
0.427321	0.5105
0.427310	0.5407
0.427312	0.5811
0.427294	0.6324
0.427305	0.6811
0.427306	0.7321
0.427302	0.7810
0.427294	0.8124
0.427291	0.8431
0.427280	0.8816
0.427297	0.9311
0.427311	0.9810
0.427296	1.0352
0.427301	1.0809
0.427307	1.1110
0.427304	1.1414
0.427320	1.1806
0.427329	1.2325
0.427303	1.2813
0.427302	1.3326
0.427310	1.3805
0.427297	1.4112
0.427276	1.4413
0.427282	1.4806
0.427269	1.5311
0.427247	1.5807
0.427261	1.6316
0.427277	1.6810
0.427270	1.7120
0.427270	1.7435
0.427289	1.7811
0.427291	1.8330
0.427290	1.8811
0.427276	1.9320
0.427269	1.9809
0.427246	2.0118
0.427239	2.0429
0.427255	2.0813
0.427238	2.1308
0.427250	2.1811
0.427278	2.2350
0.427273	2.2806
0.427269	2.3118
0.427282	2.3426
0.427281	2.3812
0.427303	2.4307
0.427328	2.4815
0.427322	2.5319
0.427274	2.5807
0.427328	2.6129
0.427315	2.6442
0.427306	2.6814
0.427284	2.7310
0.427290	2.7815
0.427290	2.8314
0.427287	2.8805
0.427306	2.9110
0.427287	2.9418
0.427268	2.9812
0.427290	3.0324
0.427346	3.0810
0.427446	3.1318
0.427520	3.1812
0.427544	3.2132
0.427612	3.2439
0.427670	3.2809
0.427805	3.3308
0.427795	3.3807
0.427945	3.4338
0.428002	3.4811
0.427835	3.5124
0.427406	3.5425
0.426158	3.5807
0.425117	3.6308
0.424524	3.6809
0.424379	3.7318
0.424402	3.7806
0.424040	3.8126
0.423996	3.8433
0.424327	3.8813
0.425394	3.9312
0.427220	3.9806
0.428912	4.0327
0.429396	4.0806
0.428849	4.1117
0.428433	4.1430
0.428079	4.1804
0.427891	4.2348
0.427644	4.2805
0.427591	4.3316
0.427538	4.3807
0.427471	4.4134
0.427453	4.4450
0.427435	4.4815
0.427386	4.5308
0.427352	4.5806
0.427402	4.6332
0.427480	4.6807
0.427485	4.7116
0.427406	4.7424
0.427316	4.7807
0.427276	4.8305
0.427351	4.8809
0.427355	4.9313
0.427348	4.9803
0.427362	5.0112
0.427373	5.0420
0.427377	5.0807
0.427371	5.1304
0.427481	5.1803
0.427418	5.2327
0.427165	5.2801
0.427123	5.3109
0.427183	5.3416
0.427268	5.3807
0.427312	5.4327
0.427301	5.4800
0.427222	5.5313
0.427274	5.5803
0.427282	5.6104
0.427273	5.6408
0.427265	5.6806
0.427286	5.7306
0.427281	5.7805
0.427233	5.8336
0.427189	5.8805
0.427212	5.9111
0.427252	5.9419
0.427291	5.9806
0.427269	6.0307
0.427175	6.0807
0.427154	6.1313
0.427242	6.1805
0.427295	6.2129
0.427295	6.2438
0.427237	6.2805
0.427185	6.3319
0.427193	6.3803
0.427267	6.4312
0.427285	6.4807
0.427240	6.5112
0.427208	6.5416
0.427222	6.5805
0.427248	6.6327
0.427293	6.6802
0.427297	6.7313
0.427243	6.7804
0.427242	6.8104
0.427257	6.8409
0.427253	6.8804
0.427250	6.9306
0.427255	6.9804
0.427271	7.0346
0.427247	7.0807
0.427236	7.1112
0.427225	7.1414
0.427237	7.1804
0.427289	7.2391
0.427297	7.2803
0.427275	7.3316
0.427218	7.3807
0.427229	7.4131
0.427259	7.4440
0.427253	7.4809
0.427271	7.5309
0.427256	7.5808
0.427225	7.6316
0.427267	7.6801
0.427277	7.7106
0.427254	7.7417
0.427248	7.7806
0.427250	7.8322
0.427243	7.8808
0.427261	7.9315
0.427276	7.9805
0.427269	8.0123
0.427269	8.0430
0.427268	8.0811
0.427276	8.1306
0.427268	8.1804
0.427275	8.2353
0.427269	8.2811
0.427256	8.3123
0.427277	8.3431
0.427320	8.3803
0.427327	8.4304
0.427328	8.4803
0.427326	8.5315
0.427315	8.5803
0.427334	8.6110
0.427331	8.6409
0.427348	8.6803
0.427330	8.7306
0.427316	8.7809
0.427318	8.8311
0.427335	8.8803
0.427332	8.9103
0.427350	8.9403
0.427360	8.9804
0.427356	9.0327
0.427329	9.0809
0.427297	9.1315
0.427323	9.1803
0.427346	9.2103
0.427359	9.2403
0.427353	9.2804
0.427347	9.3305
0.427368	9.3802
0.427347	9.4327
0.427353	9.4803
0.427352	9.5103
0.427336	9.5402
0.427311	9.5806
0.427305	9.6304
0.427322	9.6802
0.427316	9.7311
0.427354	9.7802
0.427350	9.8110
0.427332	9.8413
0.427327	9.8802
0.427352	9.9304
0.427332	9.9803
0.427330	10.0331
0.427324	10.0803
0.427316	10.1103
0.427323	10.1408
0.427320	10.1804
0.427322	10.2340
0.427326	10.2803
0.427314	10.3315
0.427327	10.3805
0.427314	10.4112
0.427317	10.4421
0.427318	10.4806
0.427319	10.5305
0.427314	10.5805
0.427293	10.6336
0.427293	10.6803
0.427278	10.7108
0.427300	10.7419
0.427310	10.7805
0.427301	10.8304
0.427281	10.8806
0.427277	10.9315
0.427282	10.9802
0.427305	11.0103
0.427339	11.0402
0.427344	11.0803
0.427335	11.1304
0.427323	11.1802
0.427329	11.2332
0.427323	11.2803
0.427317	11.3107
0.427345	11.3407
0.427334	11.3803
0.427335	11.4327
0.427339	11.4802
0.427309	11.5312
0.427317	11.5802
0.427326	11.6104
0.427332	11.6406
0.427326	11.6802
0.427321	11.7303
0.427345	11.7801
0.427314	11.8332
0.427297	11.8804
0.427295	11.9109
0.427305	11.9416
0.427296	11.9805
0.427304	12.0304
0.427315	12.0804
0.427313	12.1312
0.427351	12.1802
0.427342	12.2131
0.427333	12.2434
0.427342	12.2806
0.427369	12.3305
0.427397	12.3803
0.427377	12.4308
0.427372	12.4800
0.427348	12.5104
0.427356	12.5412
0.427349	12.5804
0.427364	12.6321
0.427366	12.6799
0.427354	12.7310
0.427357	12.7801
0.427341	12.8102
0.427341	12.8409
0.427342	12.8801

Mean Power (dBm):	-3.6930
Mean Power (mW):	0.427268
