Power (mW)	Time (sek)
0.426717	0.0811
0.426728	0.1118
0.426719	0.1427
0.426723	0.1739
0.426719	0.2151
0.426721	0.2642
0.426724	0.3148
0.426717	0.3655
0.426715	0.4169
0.426724	0.4472
0.426713	0.4983
0.426730	0.5459
0.426747	0.5963
0.426711	0.6458
0.426723	0.6973
0.426728	0.7273
0.426725	0.7582
0.426727	0.7991
0.426736	0.8463
0.426698	0.8963
0.426703	0.9459
0.426702	0.9976
0.426686	1.0279
0.426685	1.0578
0.426655	1.0961
0.426653	1.1464
0.426666	1.1980
0.426649	1.2459
0.426655	1.2976
0.426645	1.3284
0.426654	1.3586
0.426647	1.3966
0.426642	1.4466
0.426662	1.4982
0.426673	1.5467
0.426665	1.5992
0.426674	1.6307
0.426671	1.6614
0.426678	1.6983
0.426677	1.7465
0.426682	1.7966
0.426678	1.8462
0.426670	1.8975
0.426660	1.9286
0.426650	1.9599
0.426648	1.9983
0.426693	2.0515
0.426511	2.0957
0.426578	2.1461
0.426508	2.1980
0.425051	2.2289
0.424992	2.2599
0.425279	2.2983
0.425421	2.3465
0.425344	2.3988
0.425610	2.4473
0.425984	2.4986
0.425395	2.5310
0.425352	2.5620
0.425400	2.6158
0.425499	2.6642
0.425572	2.7142
0.425643	2.7845
0.425650	2.8156
0.425599	2.8458
0.425575	2.8964
0.425555	2.9463
0.425588	2.9968
0.425600	3.0461
0.425442	3.0974
0.425421	3.1285
0.425607	3.1595
0.425929	3.1975
0.426330	3.2486
0.426354	3.2969
0.425822	3.3468
0.425478	3.3971
0.425562	3.4297
0.425653	3.4611
0.425725	3.5001
0.425715	3.5471
0.425651	3.5963
0.425757	3.6478
0.425762	3.6968
0.425584	3.7280
0.425550	3.7600
0.425619	3.7970
0.425706	3.8468
0.425710	3.8963
0.425639	3.9469
0.425555	3.9974
0.425642	4.0288
0.425743	4.0594
0.425759	4.0969
0.425662	4.1462
0.425515	4.1969
0.425630	4.2469
0.425801	4.2974
0.425740	4.3283
0.425620	4.3602
0.425553	4.3973
0.425559	4.4479
0.425700	4.4980
0.425769	4.5466
0.425659	4.5967
0.425595	4.6272
0.425598	4.6581
0.425641	4.6963
0.425692	4.7457
0.425714	4.7956
0.425669	4.8477
0.425703	4.8965
0.425762	4.9276
0.425720	4.9576
0.425682	4.9961
0.425677	5.0459
0.425723	5.0956
0.425783	5.1456
0.425745	5.1968
0.425728	5.2267
0.425730	5.2574
0.425760	5.2975
0.425810	5.3456
0.425859	5.3956
0.425750	5.4457
0.425732	5.4987
0.425795	5.5289
0.425807	5.5598
0.425813	5.5962
0.425770	5.6482
0.425733	5.6958
0.425756	5.7459
0.425800	5.7971
0.425791	5.8276
0.425755	5.8582
0.425751	5.8962
0.425785	5.9463
0.425783	5.9962
0.425796	6.0474
0.425807	6.0968
0.425793	6.1282
0.425800	6.1594
0.425800	6.1966
0.425791	6.2462
0.425803	6.2957
0.425870	6.3457
0.425873	6.3970
0.425877	6.4273
0.425829	6.4577
0.425832	6.4977
0.425850	6.5458
0.425859	6.5960
0.425864	6.6458
0.425799	6.6970
0.425806	6.7270
0.425846	6.7570
0.425856	6.7961
0.425862	6.8475
0.425861	6.8958
0.425847	6.9459
0.425833	6.9972
0.425864	7.0274
0.425876	7.0573
0.425873	7.0962
0.425846	7.1459
0.425861	7.1960
0.425876	7.2481
0.425871	7.2968
0.425889	7.3273
0.425881	7.3574
0.425899	7.3962
0.425906	7.4459
0.425900	7.4975
0.425878	7.5457
0.425876	7.5972
0.425916	7.6280
0.425895	7.6597
0.425885	7.6967
0.425881	7.7465
0.425888	7.7966
0.425929	7.8458
0.425939	7.8968
0.425893	7.9271
0.425869	7.9576
0.425873	7.9961
0.425898	8.0482
0.425895	8.0959
0.425900	8.1461
0.425875	8.1971
0.425893	8.2280
0.425896	8.2583
0.425894	8.2976
0.425884	8.3458
0.425875	8.3959
0.425868	8.4475
0.425856	8.4986
0.425863	8.5287
0.425849	8.5594
0.425842	8.5963
0.425843	8.6459
0.425857	8.6959
0.425871	8.7459
0.425867	8.7969
0.425870	8.8283
0.425861	8.8589
0.425884	8.8962
0.425883	8.9458
0.425857	8.9958
0.425874	9.0746
0.425900	9.1171
0.425892	9.1473
0.425876	9.1958
0.425848	9.2477
0.425847	9.2957
0.425858	9.3531
0.425848	9.3968
0.425845	9.4270
0.425846	9.4580
0.425848	9.4977
0.425875	9.5458
0.425855	9.5959
0.425846	9.6480
0.425843	9.6968
0.425857	9.7270
0.425846	9.7574
0.425850	9.7962
0.425861	9.8458
0.425858	9.8957
0.425871	9.9458
0.425866	9.9968
0.425852	10.0269
0.425848	10.0577
0.425858	10.0960
0.425857	10.1458
0.425859	10.1958
0.425843	10.2458
0.425861	10.2968
0.425871	10.3271
0.425843	10.3575
0.425861	10.3959
0.425867	10.4484
0.425857	10.4976
0.425863	10.5457
0.425867	10.5968
0.425856	10.6274
0.425838	10.6583
0.425854	10.6962
0.425865	10.7459
0.425850	10.7960
0.425873	10.8474
0.425846	10.8968
0.425851	10.9277
0.425853	10.9582
0.425852	10.9962
0.425846	11.0458
0.425845	11.0957
0.425834	11.1458
0.425826	11.1969
0.425850	11.2283
0.425846	11.2589
0.425843	11.2978
0.425843	11.3459
0.425824	11.3958
0.425812	11.4460
0.425782	11.4986
0.425788	11.5291
0.425783	11.5598
0.425795	11.5963
0.425792	11.6476
0.425799	11.6958
0.425803	11.7456
0.425793	11.7971
0.425798	11.8274
0.425799	11.8582
0.425813	11.8959
0.425795	11.9459
0.425794	11.9959
0.425783	12.0482
0.425777	12.0971
0.425799	12.1274
0.425784	12.1579
0.425792	12.1963
0.425802	12.2458
0.425792	12.2957
0.425781	12.3458
0.425785	12.3968
0.425807	12.4277
0.425798	12.4584
0.425795	12.4980
0.425808	12.5460
0.425789	12.5970
0.425780	12.6460
0.425767	12.6969
0.425764	12.7279
0.425759	12.7586
0.425772	12.7962
0.425764	12.8485
0.425746	12.8960
0.425758	12.9456
0.425749	12.9968

Mean Power (dBm):	-3.7066
Mean Power (mW):	0.425930
