Power (mW)	Time (sek)
0.424171652	0.10550379753112793
0.424173631	0.13605356216430664
0.424150378	0.1598811149597168
0.424157799	0.19562768936157227
0.424166414	0.24041128158569336
0.424181402	0.289750337600708
0.42417910299999995	0.3419930934906006
0.424182013	0.39283108711242676
0.42416754900000003	0.4422483444213867
0.42418294500000003	0.4697079658508301
0.424178754	0.5198037624359131
0.424194644	0.5708968639373779
0.42419368399999996	0.6216123104095459
0.42422695	0.6737115383148193
0.42419237400000004	0.7255606651306152
0.424193364	0.7556910514831543
0.424167083	0.7860300540924072
0.424200523	0.8195598125457764
0.424199388	0.8754477500915527
0.42419816600000004	0.9216666221618652
0.424185215	0.969304084777832
0.424155558	1.0197782516479492
0.42419010399999996	1.0530412197113037
0.42416458	1.0860137939453125
0.42418277	1.1198091506958008
0.424175232	1.1637747287750244
0.42416073800000004	1.2238500118255615
0.424180471	1.2749826908111572
0.424172351	1.3196895122528076
0.424188853	1.3529677391052246
0.424163503	1.381284475326538
0.424187194	1.423166036605835
0.424186204	1.4692134857177734
0.42415192	1.519230604171753
0.424178113	1.5694341659545898
0.424158527	1.6251106262207031
0.42418696100000003	1.6527025699615479
0.42415419	1.6862542629241943
0.424175232	1.7252209186553955
0.424183323	1.769770860671997
0.424164871	1.8251559734344482
0.42418070399999996	1.8711113929748535
0.42416038899999997	1.9248785972595215
0.424178143	1.9529967308044434
0.424144906	1.9759843349456787
0.42418035400000004	2.0238664150238037
0.424183614	2.0692310333251953
0.424149766	2.1236908435821533
0.424172642	2.169705629348755
0.42414286900000003	2.225161075592041
0.42418591299999997	2.252415657043457
0.424153899	2.2759602069854736
0.42418911499999995	2.3196170330047607
0.424195576	2.3735625743865967
0.42415841	2.419487953186035
0.424173631	2.4751081466674805
0.424153957	2.519822597503662
0.424197875	2.54648756980896
0.42418172200000004	2.5758919715881348
0.42419909699999997	2.6217198371887207
0.424185535	2.6751391887664795
0.4241555	2.7251341342926025
0.424189464	2.764955997467041
0.424179743	2.8251211643218994
0.424196944	2.8550312519073486
0.424166239	2.886094570159912
0.424186204	2.919205904006958
0.424203055	2.964334726333618
0.424178812	3.019327163696289
0.42420875999999996	3.0694425106048584
0.424178812	3.125009536743164
0.42421239800000005	3.152817487716675
0.424180413	3.1861753463745117
0.42419947599999996	3.218787908554077
0.424225291	3.2750613689422607
0.42420561700000003	3.320598840713501
0.42420654799999996	3.369149923324585
0.424186204	3.422027111053467
0.424236554	3.45184063911438
0.42421111699999997	3.4755280017852783
0.424238795	3.522958517074585
0.424231024	3.5735204219818115
0.424211408	3.6241979598999023
0.424247904	3.6693084239959717
0.42423422600000005	3.7256367206573486
0.42427430200000005	3.7522056102752686
0.424247555	3.7861549854278564
0.42426851000000004	3.824413299560547
0.424273079	3.869032621383667
0.42424464500000003	3.9193167686462402
0.424286991	3.969085216522217
0.424275582	4.024228572845459
0.424286642	4.05609393119812
0.42425843999999996	4.08562445640564
0.424271391	4.119123458862305
0.42429537300000003	4.168786287307739
0.424273312	4.219342947006226
0.424300553	4.27067494392395
0.424255617	4.324958324432373
0.424274418	4.3521294593811035
0.42425980799999996	4.37553596496582
0.424277561	4.41918420791626
0.42428114100000003	4.474749326705933
0.424264377	4.523736000061035
0.424247235	4.571983575820923
0.42421784	4.6192686557769775
0.424247526	4.652534484863281
0.42420654799999996	4.680727481842041
0.424250728	4.724879741668701
0.424230762	4.769970655441284
0.42419496500000003	4.81923246383667
0.42422142	4.875959396362305
0.424242753	4.924835205078125
0.424243743	4.952602386474609
0.424214988	4.985516309738159
0.424233906	5.023575305938721
0.424236583	5.069211959838867
0.424207305	5.118785381317139
0.42424211300000003	5.16956353187561
0.42421239800000005	5.224696159362793
0.424224971	5.2552478313446045
0.424210069	5.28540563583374
0.42423466200000004	5.323693037033081
0.424245198	5.369041204452515
0.424225203	5.418968915939331
0.42423818399999996	5.473426818847656
0.42421658900000003	5.518633127212524
0.42425326	5.551941394805908
0.42421522100000003	5.575225353240967
0.42424426600000004	5.61879563331604
0.42425523899999995	5.675590991973877
0.424251426	5.725356578826904
0.424229802	5.768633127212524
0.424238853	5.824731349945068
0.42426787	5.8525049686431885
0.424239086	5.885253429412842
0.424267899	5.924558162689209
0.42426827699999997	5.973363876342773
0.424232072	6.0189220905303955
0.42425951700000003	6.075089931488037
0.424260186	6.124651908874512
0.42425951700000003	6.152421236038208
0.424231141	6.180830955505371
0.42424464500000003	6.2236762046813965
0.424263068	6.268988370895386
0.424210739	6.318866968154907
0.424262689	6.368959903717041
0.424235273	6.422575950622559
0.424253638	6.451879978179932
0.424204656	6.475735664367676
0.42424662399999996	6.5243964195251465
0.424260477	6.568758726119995
0.424214319	6.623523235321045
0.42426184499999997	6.670583963394165
0.424215628	6.724803924560547
0.424240076	6.758781671524048
0.42426300899999997	6.792099237442017
0.424236263	6.841914653778076
0.424274418	6.891985893249512
0.424265891	6.941978454589844
0.4242672	6.99203896522522
0.424258906	7.041721343994141
0.424263999	7.0755295753479
0.42427473800000004	7.12347936630249
0.42428952299999995	7.174261808395386
0.424249156	7.224469184875488
0.42428047199999996	7.275070428848267
0.424281432	7.31858491897583
0.42428312	7.345224380493164
0.424263068	7.386672019958496
0.424286001	7.424408197402954
0.424280821	7.473768711090088
0.424247788	7.518612861633301
0.42428472100000003	7.571589469909668
0.424262107	7.624507188796997
0.424278784	7.652339220046997
0.42426824799999996	7.685148239135742
0.42429837000000004	7.725404977798462
0.424261787	7.76871132850647
0.42425943	7.823113679885864
0.424299273	7.868629217147827
0.424268568	7.924457311630249
0.424287922	7.952336549758911
0.424256898	7.98553466796875
0.424286874	8.024384021759033
0.424296974	8.074925899505615
0.42428603	8.12428069114685
0.42429758500000003	8.168678045272827
0.424266531	8.22365689277649
0.42428914500000003	8.25185513496399
0.42427369	8.285447597503662
0.424288301	8.3241126537323
0.424293103	8.374242067337036
0.424262107	8.42353081703186
0.424296537	8.474397420883179
0.42426947	8.5243661403656
0.424294412	8.554182291030884
0.42425887700000003	8.574827432632446
0.424292171	8.624390125274658
0.424293103	8.675263404846191
0.42429272399999995	8.725316286087036
0.424277852	8.7681245803833
0.424274069	8.824548482894897
0.424295024	8.847003698348999
0.424268859	8.885238409042358
0.424296246	8.918501377105713
0.42430832399999996	8.973475694656372
0.42426824799999996	9.02358078956604
0.424296974	9.07355523109436
0.42428053000000004	9.124282121658325
0.42431053599999996	9.152096271514893
0.424289203	9.18504285812378
0.424316706	9.224308013916016
0.424327562	9.27515172958374
0.424300553	9.324291467666626
0.42431437800000005	9.374231100082397
0.424296682	9.418278932571411
0.42432631	9.451844215393066
0.424313213	9.485262870788574
0.424318918	9.522045850753784
0.42433539099999995	9.574135780334473
0.424309634	9.618165731430054
0.424346043	9.67515516281128
0.42436024499999997	9.725923776626587
0.424347905	9.751464605331421
0.424356345	9.78520917892456
0.424343772	9.823798179626465
0.424365018	9.874229192733765
0.424335711	9.924176692962646
0.42436062399999996	9.969712257385254
0.42432177	10.024219751358032
0.424346275	10.051619529724121
0.42432046	10.078649044036865
0.42432700900000003	10.117844104766846
0.424344064	10.173454761505127
0.424326048	10.223649978637695
0.424355676	10.273433685302734
0.424330501	10.324127912521362
0.42434758499999997	10.346979141235352
0.42433347	10.385117292404175
0.42436664799999996	10.424024105072021
0.424384751	10.47511100769043
0.424345693	10.52402138710022
0.424370606	10.573313474655151
0.42434179299999997	10.623926877975464
0.424368627	10.651755571365356
0.424326252	10.684611082077026
0.424358353	10.724943161010742
0.424344064	10.7731351852417
0.424317637	10.81821322441101
0.424353464	10.874042510986328
0.42433865000000004	10.924359321594238
0.424357655	10.955261468887329
0.42433347	10.979274034500122
0.424356724	11.023930072784424
0.42433693299999997	11.073902368545532
0.42432989	11.123927354812622
0.424343103	11.173397779464722
0.42433119999999996	11.223907947540283
0.424349855	11.251728773117065
0.424330879	11.285014629364014
0.424341852	11.317867994308472
0.424354424	11.37368106842041
0.424333033	11.423724174499512
0.424362544	11.473122835159302
0.424329599	11.523731470108032
0.42436085599999995	11.55149531364441
0.424343714	11.584585189819336
0.424366997	11.618002653121948
0.42437503	11.674304485321045
0.42435503599999996	11.724966764450073
0.424369908	11.773772478103638
0.424356957	11.82386064529419
0.424372207	11.846423625946045
0.42435087400000004	11.884832859039307
0.424367347	11.922675132751465
0.424385362	11.97333550453186
0.424351456	12.018542051315308
0.424371188	12.074516773223877
0.424367026	12.123649835586548
0.424374128	12.154920101165771
0.424354075	12.184348821640015
0.42435704399999996	12.223841667175293
0.424352096	12.273244619369507
0.424328609	12.31839632987976
0.424361235	12.371064901351929
0.42434639199999996	12.423749923706055
0.42436138	12.451473236083984
0.424341561	12.479763746261597
0.424372527	12.524739980697632
0.424368016	12.573143005371094
0.424361846	12.623128414154053
0.424398662	12.672647714614868
0.424370839	12.724573612213135
0.424405443	12.761262893676758
0.424433791	12.790506601333618
0.42441196299999995	12.841155529022217
0.424431259	12.890697479248047
0.424397032	12.941275835037231
0.42442517599999996	12.99250316619873
Power (dBm)
26.27637965590565