Power (mW)	Time (sek)
0.404501276	0.10749387741088867
0.40506522100000003	0.1306917667388916
0.406610488	0.18299412727355957
0.410168053	0.21623706817626953
0.412902271	0.24631333351135254
0.415783084	0.28047943115234375
0.41927886200000003	0.3305065631866455
0.421403325	0.383159875869751
0.421438424	0.4332289695739746
0.421068951	0.48245859146118164
0.420826196	0.5156040191650391
0.420525292	0.5440053939819336
0.42017721	0.5814504623413086
0.41938643000000003	0.6323294639587402
0.417862175	0.6828179359436035
0.41534873899999997	0.734529972076416
0.40980338200000005	0.7812504768371582
0.40377888900000003	0.8143017292022705
0.401080848	0.8496227264404297
0.399531418	0.897346019744873
0.402145786	0.9475452899932861
0.406611041	0.9974865913391113
0.41100999800000004	1.0502138137817383
0.413880043	1.0973749160766602
0.415170914	1.1327733993530273
0.415947055	1.1807713508605957
0.416633586	1.2307384014129639
0.416756637	1.2809863090515137
0.416541559	1.3309235572814941
0.41573451	1.382354974746704
0.41447245200000005	1.413017749786377
0.413185015	1.440699577331543
0.411303743	1.4808404445648193
0.407184416	1.5306260585784912
0.400044984	1.5806143283843994
0.391835725	1.6306614875793457
0.38571056200000003	1.6822292804718018
0.382338796	1.7073554992675781
0.382205733	1.7408065795898438
0.383556966	1.7822043895721436
0.38724834999999996	1.830592393875122
0.394596427	1.883385419845581
0.40181973600000004	1.9307537078857422
0.40678223	1.9821076393127441
0.409433385	2.0133919715881348
0.410147186	2.0406596660614014
0.41015772100000003	2.080596685409546
0.409258791	2.133073329925537
0.407321204	2.180644989013672
0.405043887	2.2309813499450684
0.402439211	2.2810311317443848
0.39878606899999997	2.315415143966675
0.39573299	2.3406126499176025
0.39158552	2.3828513622283936
0.386942906	2.430542230606079
0.38224647900000003	2.480600357055664
0.380294485	2.5332248210906982
0.38092013	2.5806994438171387
0.38245983899999997	2.6138341426849365
0.383565435	2.647099018096924
0.38573436899999997	2.697096347808838
0.38795211	2.749833106994629
0.391456444	2.79736065864563
0.395588577	2.849844455718994
0.398411328	2.897123098373413
0.399253477	2.9304451942443848
0.399159879	2.9804553985595703
0.396826887	3.0328097343444824
0.392945803	3.0805954933166504
0.38757981399999997	3.13041615486145
0.38277288	3.1832754611968994
0.377621647	3.213674783706665
0.37551947799999996	3.2476418018341064
0.37303622200000003	3.2976551055908203
0.371737202	3.347128391265869
0.371553586	3.396894693374634
0.37244040900000003	3.4476284980773926
0.374317111	3.496994972229004
0.375825912	3.5303006172180176
0.37693177	3.5802173614501953
0.377608114	3.630214214324951
0.37921106600000004	3.6803362369537354
0.381110207	3.735633611679077
0.383106089	3.7808947563171387
0.384174607	3.8156609535217285
0.38439760100000003	3.849200963973999
0.383486069	3.9002957344055176
0.379781879	3.949537992477417
0.375332049	3.998897075653076
0.370883441	4.047433614730835
0.368182838	4.098937749862671
0.367302273	4.1323018074035645
0.366721855	4.182371377944946
0.36823126700000003	4.230384826660156
0.368606328	4.280070781707764
0.371217815	4.333000183105469
0.375469855	4.382251024246216
0.379580451	4.415655851364136
0.381344755	4.446569919586182
0.38294022699999997	4.482560157775879
0.38456820799999997	4.532788991928101
0.385303429	4.580338478088379
0.385153922	4.630334854125977
0.384231709	4.680528163909912
0.38291962100000004	4.713571786880493
0.381844526	4.748490810394287
0.3796292	4.797220706939697
0.37789926900000004	4.849833011627197
0.376759795	4.896987199783325
0.37537101900000003	4.946940660476685
0.373337069	4.997533082962036
0.37285478899999996	5.030566930770874
0.372558192	5.080765247344971
0.372785405	5.130526781082153
0.374489464	5.181857585906982
0.377980876	5.230225324630737
0.382623519	5.282906770706177
0.386738306	5.3161540031433105
0.389264344	5.347389221191406
0.391736859	5.399998664855957
0.393283175	5.447225570678711
0.392953545	5.500397443771362
0.391052919	5.552256107330322
0.387200242	5.59669303894043
0.384747924	5.630299806594849
0.38257768	5.680100202560425
0.379969744	5.730024337768555
0.378688506	5.782457590103149
0.378133263	5.833091974258423
0.378572644	5.880154371261597
0.379864156	5.913935422897339
0.381105056	5.9467315673828125
0.383398263	5.99682092666626
0.385528401	6.046665906906128
0.387847453	6.096628427505493
0.390188186	6.146639823913574
0.392357411	6.196675777435303
0.39346137800000003	6.231537818908691
0.394316157	6.279943227767944
0.394879753	6.330019474029541
0.394655421	6.380000591278076
0.393248309	6.429939270019531
0.391069654	6.482708215713501
0.388250657	6.5133056640625
0.38589866	6.546588659286499
0.383017934	6.596754312515259
0.380878802	6.646575927734375
0.379708945	6.696568489074707
0.38013729500000004	6.7468156814575195
0.382006925	6.796690225601196
0.38370621	6.82992959022522
0.38542223000000003	6.882692098617554
0.388038927	6.933095216751099
0.389927591	6.980338096618652
0.391280482	7.029928207397461
0.391955749	7.0799736976623535
0.39213241	7.113465070724487
0.392161048	7.147355556488037
0.39163467599999996	7.196765422821045
0.390898611	7.246510982513428
0.38968780399999997	7.296489953994751
0.387656997	7.346628665924072
0.385233987	7.397242307662964
0.383828301	7.429959058761597
0.38246857	7.480151414871216
0.380895246	7.532604694366455
0.38021084000000005	7.579901218414307
0.380621466	7.63576340675354
0.382167695	7.679929256439209
0.3842976	7.713291168212891
0.385906809	7.748993396759033
0.388385553	7.796629905700684
0.39009164900000004	7.849472284317017
0.390669098	7.896629095077515
0.390484813	7.949474096298218
0.389911758	7.996445894241333
0.389219378	8.029717922210693
0.388033921	8.080144166946411
0.385910302	8.130157470703125
0.38429012100000004	8.180007457733154
0.382740051	8.229852676391602
0.38150465100000003	8.280049800872803
0.380557554	8.315253973007202
0.380230311	8.345968961715698
0.380028476	8.382469654083252
0.37969238499999997	8.430123805999756
0.3800001	8.482301235198975
0.380692887	8.53035855293274
0.38193338	8.579923629760742
0.38361258299999995	8.612719297409058
0.38466948900000003	8.646425724029541
0.385937368	8.698804378509521
0.386726053	8.746548175811768
0.38693106	8.79636812210083
0.386055472	8.846307754516602
0.384711922	8.896530389785767
0.38360778100000004	8.929774045944214
0.382440485	8.982704162597656
0.380700571	9.03205919265747
0.379521749	9.079550504684448
0.37848544900000003	9.13212537765503
0.37776143300000004	9.179491519927979
0.37758488900000003	9.214897394180298
0.37782048500000004	9.246228694915771
0.37849546100000003	9.296134948730469
0.379711099	9.34682321548462
0.380853016	9.396571159362793
0.38223678699999997	9.448145151138306
0.38333726100000004	9.496066808700562
0.38372649600000003	9.530118942260742
0.383903098	9.579410076141357
0.3839579	9.62947940826416
0.38390382500000003	9.6827392578125
0.383494713	9.729775667190552
0.382286205	9.779541969299316
0.381102058	9.812774658203125
0.380221143	9.84799313545227
0.379026635	9.901744604110718
0.378012599	9.951789855957031
0.37714451899999996	9.99622654914856
0.376490934	10.053597211837769
0.376141485	10.100902557373047
0.37635560100000004	10.153552532196045
0.377421238	10.200955390930176
0.378629396	10.250935554504395
0.379621721	10.301084041595459
0.380469457	10.349792242050171
0.380680838	10.400669813156128
0.38054614600000003	10.431360960006714
0.380089477	10.482348918914795
0.37999847000000003	10.532350540161133
0.37951555	10.580458402633667
0.379025267	10.632824182510376
0.378713332	10.682626724243164
0.377932854	10.71229100227356
0.37731268100000004	10.735387563705444
0.376677723	10.78262710571289
0.375972479	10.835227251052856
0.37552733600000004	10.882013320922852
0.37530000599999996	10.932968378067017
0.375012401	10.981934070587158
0.375162199	11.012189626693726
0.375460135	11.042266368865967
0.375828415	11.082516431808472
0.37639431	11.13290810585022
0.376698765	11.182446479797363
0.376865966	11.235373973846436
0.377198798	11.284037351608276
0.377228163	11.31433367729187
0.37718063700000004	11.343979120254517
0.377152901	11.382929801940918
0.37726273899999996	11.432712078094482
0.377434102	11.48213529586792
0.377292017	11.533236265182495
0.376842072	11.582223176956177
0.376282638	11.612772941589355
0.376001495	11.64290475845337
0.375793956	11.679201602935791
0.375696138	11.729408979415894
0.375826145	11.782223224639893
0.37613418000000004	11.833237171173096
0.37654730799999997	11.879016637802124
0.37700185199999997	11.912410736083984
0.37710650900000003	11.945707559585571
0.377235585	11.995681047439575
0.377731369	12.045710325241089
0.37816332799999997	12.095727682113647
0.378633325	12.14762830734253
0.379061676	12.195629596710205
0.379310804	12.22899317741394
0.379413599	12.28168249130249
0.379488163	12.329028844833374
0.37950807000000003	12.378982305526733
0.379383855	12.429399967193604
0.379048404	12.479045152664185
0.378600002	12.514178991317749
0.378289231	12.539002418518066
0.378068071	12.58077621459961
0.377898308	12.629060506820679
0.37783730699999996	12.681185483932495
0.378074852	12.7289719581604
0.378399563	12.780792474746704
0.378743367	12.812455177307129
0.37900297299999997	12.845767498016357
0.379855454	12.897477626800537
0.380718004	12.946047306060791
0.381455553	12.997386693954468
0.38199441	13.045648336410522
0.382343045	13.095552206039429
0.382564147	13.128888130187988
0.38267931099999997	13.182627201080322
0.382796221	13.228863716125488
0.382783939	13.278902530670166
0.382653903	13.330591440200806
0.382447208	13.378848552703857
0.382204104	13.413898706436157
0.382048922	13.440786123275757
0.38191847900000003	13.478941440582275
0.38181612	13.530557870864868
0.38172063100000003	13.57897400856018
Power (dBm)
25.86857998334694