Power (mW)	Time (sek)
0.440699	0.1077
0.440690	0.1381
0.440674	0.1746
0.440683	0.2049
0.440719	0.2366
0.440699	0.2736
0.440691	0.3259
0.440679	0.3737
0.440675	0.4244
0.440682	0.4740
0.440685	0.5038
0.440683	0.5350
0.440692	0.5749
0.440717	0.6234
0.440720	0.6735
0.440723	0.7260
0.440711	0.7755
0.440693	0.8059
0.440694	0.8367
0.440689	0.8739
0.440682	0.9234
0.440706	0.9735
0.440693	1.0246
0.440680	1.0747
0.440689	1.1056
0.440693	1.1361
0.440691	1.1736
0.440713	1.2234
0.440685	1.2736
0.440684	1.3247
0.440675	1.3740
0.440689	1.4044
0.440682	1.4348
0.440681	1.4739
0.440684	1.5254
0.440679	1.5736
0.440688	1.6243
0.440684	1.6738
0.440704	1.7037
0.440685	1.7340
0.440694	1.7754
0.440689	1.8235
0.440678	1.8743
0.440686	1.9266
0.440677	1.9739
0.440680	2.0045
0.440686	2.0351
0.440690	2.0740
0.440681	2.1238
0.440688	2.1735
0.440682	2.2244
0.440687	2.2741
0.440684	2.3050
0.440688	2.3359
0.440685	2.3737
0.440685	2.4235
0.440681	2.4734
0.440685	2.5243
0.440673	2.5740
0.440675	2.6053
0.440681	2.6360
0.440688	2.6739
0.440678	2.7258
0.440687	2.7752
0.440684	2.8246
0.440688	2.8740
0.440675	2.9044
0.440669	2.9356
0.440679	2.9734
0.440676	3.0237
0.440661	3.0735
0.440725	3.1262
0.440688	3.1741
0.440668	3.2048
0.440672	3.2354
0.440672	3.2740
0.440669	3.3235
0.440680	3.3780
0.440738	3.4374
0.440743	3.4738
0.440700	3.5043
0.440679	3.5348
0.440683	3.5753
0.440680	3.6235
0.440680	3.6739
0.440677	3.7245
0.440676	3.7758
0.440672	3.8066
0.440679	3.8375
0.440668	3.8748
0.440671	3.9254
0.440663	3.9735
0.440677	4.0291
0.440719	4.0741
0.440677	4.1043
0.440687	4.1349
0.440681	4.1737
0.440678	4.2237
0.440665	4.2738
0.440685	4.3268
0.440674	4.3740
0.440667	4.4053
0.440666	4.4363
0.440672	4.4740
0.440668	4.5237
0.440673	4.5735
0.440666	4.6245
0.440673	4.6741
0.440669	4.7053
0.440671	4.7364
0.440667	4.7757
0.440679	4.8234
0.440747	4.8733
0.440754	4.9241
0.440745	4.9736
0.440756	5.0042
0.440745	5.0338
0.440692	5.0737
0.440684	5.1255
0.440717	5.1733
0.440681	5.2242
0.440667	5.2745
0.440712	5.3048
0.440680	5.3348
0.440702	5.3738
0.440681	5.4235
0.440670	5.4736
0.440677	5.5262
0.440675	5.5740
0.440673	5.6043
0.440672	5.6351
0.440670	5.6736
0.440690	5.7232
0.440744	5.7749
0.440749	5.8241
0.440746	5.8738
0.440757	5.9043
0.440743	5.9343
0.440751	5.9732
0.440743	6.0232
0.440677	6.0736
0.440671	6.1242
0.440684	6.1736
0.440715	6.2036
0.440679	6.2335
0.440674	6.2735
0.440682	6.3252
0.440674	6.3736
0.440681	6.4242
0.440674	6.4737
0.440707	6.5038
0.440729	6.5338
0.440742	6.5748
0.440732	6.6232
0.440730	6.6732
0.440723	6.7263
0.440684	6.7753
0.440724	6.8050
0.440710	6.8351
0.440741	6.8742
0.440732	6.9232
0.440742	6.9732
0.440726	7.0240
0.440725	7.0738
0.440709	7.1038
0.440726	7.1341
0.440726	7.1733
0.440718	7.2233
0.440728	7.2733
0.440717	7.3241
0.440733	7.3736
0.440727	7.4038
0.440720	7.4337
0.440726	7.4734
0.440730	7.5254
0.440731	7.5732
0.440711	7.6387
0.440741	7.6754
0.440728	7.7050
0.440702	7.7352
0.440667	7.7752
0.440654	7.8235
0.440666	7.8733
0.440660	7.9258
0.440663	7.9738
0.440663	8.0038
0.440681	8.0341
0.440708	8.0737
0.440694	8.1232
0.440670	8.1732
0.440713	8.2239
0.440677	8.2737
0.440657	8.3045
0.440664	8.3349
0.440664	8.3732
0.440668	8.4232
0.440671	8.4732
0.440664	8.5241
0.440654	8.5735
0.440683	8.6036
0.440672	8.6345
0.440660	8.6734
0.440663	8.7254
0.440648	8.7754
0.440652	8.8241
0.440641	8.8738
0.440665	8.9039
0.440668	8.9338
0.440655	8.9734
0.440659	9.0235
0.440651	9.0736
0.440650	9.1269
0.440648	9.1743
0.440641	9.2054
0.440643	9.2363
0.440637	9.2734
0.440645	9.3233
0.440647	9.3740
0.440644	9.4244
0.440653	9.4746
0.440640	9.5056
0.440649	9.5364
0.440647	9.5751
0.440650	9.6240
0.440650	9.6742
0.440648	9.7245
0.440650	9.7760
0.440649	9.8073
0.440651	9.8382
0.440648	9.8746
0.440645	9.9266
0.440654	9.9742
0.440649	10.0247
0.440654	10.0746
0.440644	10.1056
0.440644	10.1363
0.440640	10.1735
0.440650	10.2241
0.440633	10.2735
0.440657	10.3265
0.440645	10.3738
0.440658	10.4051
0.440648	10.4357
0.440644	10.4740
0.440645	10.5238
0.440646	10.5736
0.440651	10.6246
0.440635	10.6744
0.440640	10.7052
0.440640	10.7355
0.440634	10.7755
0.440646	10.8237
0.440641	10.8741
0.440636	10.9244
0.440649	10.9738
0.440692	11.0093
0.440664	11.0398
0.440647	11.0926
0.440640	11.1443
0.440644	11.1926
0.440650	11.2424
0.440639	11.2927
0.440645	11.3239
0.440632	11.3741
0.440648	11.4234
0.440648	11.4741
0.440636	11.5268
0.440650	11.5744
0.440647	11.6055
0.440637	11.6365
0.440635	11.6741
0.440634	11.7238
0.440647	11.7757
0.440639	11.8251
0.440641	11.8750
0.440648	11.9059
0.440630	11.9362
0.440637	11.9743
0.440634	12.0241
0.440632	12.0740
0.440638	12.1246
0.440635	12.1738
0.440636	12.2045
0.440631	12.2349
0.440633	12.2736
0.440646	12.3261
0.440635	12.3738
0.440643	12.4250
0.440637	12.4738
0.440646	12.5047
0.440628	12.5353
0.440633	12.5750
0.440632	12.6234
0.440638	12.6740
0.440646	12.7269
0.440646	12.7763
0.440640	12.8073
0.440645	12.8378
0.440633	12.8755
0.440641	12.9242

Mean Power (dBm):	-3.5588
Mean Power (mW):	0.440677
