Power (mW)	Time (sek)
0.47878024599999996	0.08369302749633789
0.47860821400000003	0.11662006378173828
0.478730886	0.15191864967346191
0.47871671299999996	0.20258355140686035
0.47865463399999997	0.25040531158447266
0.478716014	0.3007326126098633
0.478722883	0.35047197341918945
0.478649803	0.4007570743560791
0.478555798	0.4377140998840332
0.478592061	0.5017588138580322
0.478689879	0.5498995780944824
0.478630129	0.6003592014312744
0.478573376	0.6497113704681396
0.478416739	0.7014279365539551
0.478393311	0.7306373119354248
0.47849686199999997	0.7602443695068359
0.47848103	0.8004438877105713
0.478597911	0.8503940105438232
0.478474569	0.9029619693756104
0.478519796	0.9505298137664795
0.478324509	0.9997720718383789
0.478356465	1.0358033180236816
0.47829025399999997	1.059694528579712
0.478522648	1.1004483699798584
0.47816048	1.1510159969329834
0.47880222	1.1998367309570312
0.478607893	1.2508220672607422
0.478321948	1.300133466720581
0.47826799	1.3335778713226318
0.478188565	1.3666448593139648
0.47823565500000004	1.416670322418213
0.478233764	1.4660944938659668
0.47832797299999996	1.5172088146209717
0.478253496	1.5665390491485596
0.478094327	1.6162769794464111
0.478277652	1.649545669555664
0.478011963	1.6999304294586182
0.478102651	1.7495777606964111
0.47818751800000003	1.7998359203338623
0.478123839	1.8512983322143555
0.47815145800000003	1.8993346691131592
0.478086644	1.932758092880249
0.478034228	1.966282844543457
0.478043978	2.016657829284668
0.477983296	2.066092014312744
0.47801659100000005	2.116384506225586
0.477998488	2.1662492752075195
0.47799915800000004	2.216806650161743
0.47810393199999995	2.2501556873321533
0.477921421	2.3030989170074463
0.477879687	2.3494396209716797
0.47787162499999997	2.4003708362579346
0.47786382499999996	2.4499289989471436
0.478017842	2.4994757175445557
0.478062721	2.5346436500549316
0.477912923	2.5661933422088623
0.477864291	2.6189239025115967
0.477688212	2.6661226749420166
0.477766007	2.7184598445892334
0.477813534	2.771662473678589
0.477889524	2.8161182403564453
0.477859663	2.8499300479888916
0.477818627	2.8992624282836914
0.477710884	2.9495372772216797
0.477648427	2.9999446868896484
0.477670517	3.0493149757385254
0.47773702	3.099477529525757
0.477834896	3.1329169273376465
0.477805064	3.166114330291748
0.477742142	3.2160725593566895
0.47772863800000004	3.266266107559204
0.477698311	3.3159162998199463
0.477669819	3.3665828704833984
0.477758003	3.4163599014282227
0.477752124	3.4522933959960938
0.477686903	3.499850034713745
0.477619469	3.5493032932281494
0.477548136	3.5997958183288574
0.47743643500000005	3.649775743484497
0.477516471	3.6993744373321533
0.477594847	3.7330918312072754
0.47757331000000003	3.7683258056640625
0.477564667	3.815945625305176
0.477394671	3.865947961807251
0.477384456	3.9158523082733154
0.477304391	3.9665935039520264
0.47734865800000004	4.01596999168396
0.47734545700000003	4.049295425415039
0.47740186	4.099170207977295
0.47746647	4.150331497192383
0.47729502	4.199057579040527
0.477337366	4.249476194381714
0.477364374	4.300879716873169
0.47743317599999996	4.325796127319336
0.477347523	4.359167814254761
0.47740381000000004	4.399990797042847
0.477395079	4.449551105499268
0.477408001	4.501589775085449
0.47725538	4.54910683631897
0.477264082	4.60085391998291
0.477307913	4.626003742218018
0.477360561	4.659156084060669
0.477402849	4.699071407318115
0.477452151	4.7489845752716064
0.477308669	4.7997825145721436
0.47722505400000004	4.849973678588867
0.477197347	4.899165153503418
0.477232767	4.932290077209473
0.477306923	4.965668678283691
0.47731696399999995	5.015690803527832
0.477242982	5.065727710723877
0.4771401	5.115809917449951
0.477156398	5.16572117805481
0.477138878	5.2162184715271
0.47712845800000003	5.251569509506226
0.47708975000000003	5.301867485046387
0.477137801	5.349815368652344
0.477276335	5.399590730667114
0.477171736	5.450175046920776
0.477008754	5.499042749404907
0.477035879	5.534479141235352
0.477012247	5.565261125564575
0.476975838	5.599635601043701
0.477113965	5.649280071258545
0.477068854	5.698895454406738
0.47698291	5.748859167098999
0.476896734	5.799006938934326
0.476947083	5.832481622695923
0.476888963	5.8686347007751465
0.47690159400000004	5.915472984313965
0.476846995	5.9678871631622314
0.476924761	6.016124486923218
0.476866699	6.066406965255737
0.476888963	6.1164586544036865
0.476772839	6.1499035358428955
0.476745947	6.200343370437622
0.476781133	6.249541521072388
0.47667874600000004	6.300686597824097
0.47683515	6.348890542984009
0.47680593	6.401385545730591
0.476736255	6.4339001178741455
0.476711721	6.45897650718689
0.476743968	6.501532316207886
0.476667832	6.548891067504883
0.476678222	6.599046945571899
0.47665395	6.648794651031494
0.476627145	6.698910474777222
0.476580666	6.732025146484375
0.476517132	6.765420436859131
0.476591027	6.815556287765503
0.476598711	6.865626811981201
0.47654530500000003	6.915560960769653
0.476590707	6.965476751327515
0.47651873299999997	7.015471458435059
0.476495799	7.048814535140991
0.476485817	7.100667238235474
0.476497313	7.1491968631744385
0.47648488499999997	7.1991798877716064
0.476476795	7.248887300491333
0.476363959	7.299191236495972
0.476397632	7.335018634796143
0.476394431	7.365458250045776
0.476261455	7.415964841842651
0.47634512900000003	7.4660115242004395
0.476294023	7.5155909061431885
0.476318557	7.568714618682861
0.47628273	7.615496873855591
0.476254296	7.648820638656616
0.476178713	7.699300765991211
0.476171728	7.748905181884766
0.476206216	7.799440860748291
0.47620918500000003	7.8490681648254395
0.476202287	7.899150133132935
0.47616616900000003	7.932992696762085
0.476115179	7.965774774551392
0.476088986	8.01553750038147
0.476065208	8.065472602844238
0.476110319	8.116156101226807
0.476166548	8.166116714477539
0.476010842	8.215462684631348
0.47605927099999995	8.251705169677734
0.476038986	8.299386262893677
0.47587431599999996	8.348776817321777
0.475935347	8.399455308914185
0.475977024	8.44863247871399
0.476041547	8.49882435798645
0.476000598	8.53191614151001
0.475952431	8.565478324890137
0.475855282	8.618708848953247
0.47582038699999996	8.666163682937622
0.475785986	8.718210935592651
0.475871784	8.765428066253662
0.475946319	8.815393209457397
0.475817622	8.848666667938232
0.475770823	8.898601293563843
0.47576884399999997	8.949873924255371
0.475755922	8.998773336410522
0.47579794799999997	9.048540830612183
0.475674547	9.098948001861572
0.475727167	9.132223844528198
0.47572847700000004	9.165384769439697
0.47571939599999996	9.215595245361328
0.475570647	9.265875339508057
0.47564032100000003	9.315576314926147
0.475637818	9.365716934204102
0.475678477	9.415303468704224
0.475578971	9.448475122451782
0.475735578	9.498612642288208
0.475650682	9.548798561096191
0.475461857	9.598782539367676
0.475496316	9.65025544166565
0.475525099	9.698839902877808
0.475527078	9.732714414596558
0.47556729999999997	9.768108129501343
0.47555222399999997	9.815301895141602
0.475542533	9.868027925491333
0.475498353	9.915500402450562
0.475455076	9.965377807617188
0.475323643	10.015423059463501
0.475519977	10.050595998764038
0.47537209999999996	10.098578453063965
0.475392066	10.15042519569397
0.47547245	10.200244665145874
0.47542245	10.250555992126465
0.475384615	10.299272060394287
0.47533819499999996	10.33431601524353
0.47525618000000003	10.364801168441772
0.47537789199999997	10.400221824645996
0.475301174	10.449758529663086
0.47554765499999996	10.499059677124023
0.475366163	10.549482345581055
0.475198758	10.598467350006104
0.475170731	10.631908655166626
0.47521316399999997	10.665180444717407
0.47523831	10.71516752243042
0.47534750800000003	10.765088558197021
0.47529331599999997	10.815436363220215
0.475293607	10.865118265151978
0.475101289	10.915180921554565
0.475082255	10.950562715530396
0.47505166699999996	11.000612497329712
0.47510579999999997	11.050108909606934
0.475233246	11.09847903251648
0.47536919	11.14998459815979
0.475182664	11.198557376861572
0.475011533	11.2344388961792
0.47494951300000005	11.264788389205933
0.474917877	11.298555612564087
0.474974426	11.350011825561523
0.475070265	11.398350715637207
0.47521040000000003	11.450023651123047
0.47520615	11.498358726501465
0.47509322800000003	11.531752586364746
0.474910135	11.567213296890259
0.47487492	11.615169286727905
0.474882399	11.667337894439697
0.474957953	11.71515965461731
0.47507614400000003	11.767087697982788
0.475093839	11.81492829322815
0.475055131	11.850809574127197
0.474974047	11.899883031845093
0.474840781	11.950206279754639
0.474767789	11.998482704162598
0.474757951	12.050247430801392
0.47494046199999995	12.09857726097107
0.475031789	12.133957624435425
0.474887493	12.164475440979004
0.474914996	12.201238870620728
0.47462157099999996	12.249852418899536
0.47469034299999996	12.299947023391724
0.474590925	12.349455118179321
0.474766421	12.398483753204346
0.474706438	12.431564331054688
0.474797474	12.465072393417358
0.474863773	12.517571687698364
0.474571862	12.565340995788574
0.474500237	12.614957332611084
0.47440486400000004	12.665030479431152
0.474591827	12.714944839477539
0.474617351	12.750227689743042
0.47477684	12.79917573928833
0.474772649	12.849885940551758
0.474681001	12.898210287094116
0.474530942	12.94984769821167
0.474471162	12.9982590675354
0.474447006	13.033789873123169
0.474546338	13.064699411392212
0.474644185	13.098414421081543
0.474580884	13.150138139724731
0.474567001	13.198430299758911
0.474510161	13.250303506851196
0.47439400800000003	13.298349380493164
0.474375644	13.332236528396606
0.47442360699999997	13.364826202392578
0.47447334500000005	13.414860725402832
0.474470231	13.465059041976929
0.474497676	13.514875173568726
0.474475033	13.564902067184448
0.474256492	13.615130186080933
0.474190718	13.650080919265747
Power (dBm)
26.780883240226963