Power (mW)	Time (sek)
1.224078	0.0662
1.224239	0.0771
1.223917	0.0922
1.223596	0.1089
1.224239	0.1199
1.224720	0.1348
1.223757	0.1500
1.224078	0.1920
1.224078	0.2056
1.224078	0.2340
1.223596	0.2523
1.223917	0.2831
1.223275	0.3018
1.224078	0.3390
1.223917	0.3535
1.224239	0.3685
1.224720	0.3842
1.224078	0.3993
1.223917	0.4129
1.223917	0.4407
1.224239	0.4541
1.224239	0.4903
1.224078	0.5046
1.224399	0.5393
1.224239	0.5522
1.224078	0.5930
1.223917	0.6041
1.224399	0.6376
1.224560	0.6545
1.224239	0.6649
1.224399	0.6829
1.224078	0.6936
1.223917	0.7078
1.224399	0.7408
1.224078	0.7512
1.224399	0.7931
1.223917	0.8037
1.225041	0.8386
1.224720	0.8550
1.224399	0.8905
1.224399	0.9014
1.224399	0.9371
1.224239	0.9517
1.224239	0.9661
1.224078	0.9846
1.224560	0.9992
1.224239	1.0392
1.224399	1.0552
1.224239	1.0933
1.224399	1.1082
1.224399	1.1359
1.223917	1.1584
1.224078	1.1900
1.224399	1.2040
1.224239	1.2314
1.223917	1.2542
1.223917	1.2695
1.223757	1.2825
1.224560	1.2944
1.224560	1.3114
1.224078	1.3412
1.223757	1.3537
1.224239	1.3934
1.223596	1.4045
1.224560	1.4350
1.224239	1.4513
1.224399	1.4872
1.224399	1.5036
1.223436	1.5355
1.224720	1.5551
1.224239	1.5683
1.224078	1.5848
1.224239	1.5992
1.224078	1.6124
1.224399	1.6342
1.225041	1.6545
1.223917	1.6892
1.224720	1.7051
1.223917	1.7361
1.223275	1.7536
1.224078	1.7917
1.224239	1.8062
1.223757	1.8397
1.223757	1.8511
1.223757	1.8707
1.224239	1.8856
1.224239	1.9018
1.224078	1.9394
1.224560	1.9522
1.223917	1.9858
1.223917	2.0029
1.223917	2.0315
1.224078	2.0556
1.224239	2.0867
1.223757	2.1044
1.223917	2.1409
1.224078	2.1534
1.224078	2.1706
1.223757	2.1842
1.223757	2.2005
1.224239	2.2360
1.223596	2.2515
1.224239	2.2847
1.224078	2.3051
1.224399	2.3371
1.223917	2.3558
1.224720	2.3918
1.224078	2.4054
1.224239	2.4409
1.224560	2.4538
1.223596	2.4688
1.223917	2.4845
1.224239	2.4982
1.223757	2.5144
1.223917	2.5384
1.223917	2.5556
1.223917	2.5898
1.224078	2.6082
1.224239	2.6398
1.224239	2.6556
1.224078	2.6902
1.224720	2.7016
1.223917	2.7393
1.224239	2.7527
1.224239	2.7683
1.224239	2.7841
1.224078	2.7976
1.224720	2.8126
1.224239	2.8373
1.224399	2.8542
1.224399	2.8906
1.223596	2.9019
1.224078	2.9395
1.223917	2.9535
1.223917	2.9929
1.223757	3.0040
1.224399	3.0387
1.224078	3.0555
1.223757	3.0699
1.224239	3.0852
1.224560	3.0987
1.223757	3.1142
1.224399	3.1400
1.224078	3.1518
1.223757	3.1932
1.224078	3.2073
1.224239	3.2338
1.223757	3.2547
1.224078	3.2844
1.224560	3.3055
1.224560	3.3410
1.224239	3.3555
1.223917	3.3669
1.224239	3.3833
1.224239	3.3973
1.224239	3.4128
1.224078	3.4387
1.224239	3.4533
1.224078	3.4882
1.223757	3.5021
1.223436	3.5356
1.224239	3.5553
1.223917	3.5933
1.224239	3.6064
1.224078	3.6349
1.223596	3.6524
1.223596	3.6701
1.224239	3.6821
1.224399	3.6994
1.224078	3.7386
1.224239	3.7500
1.224078	3.7935
1.224078	3.8078
1.223757	3.8396
1.223757	3.8535
1.223757	3.8903
1.223596	3.9044
1.223917	3.9404
1.224239	3.9553
1.223757	3.9672
1.224078	3.9843
1.223917	3.9991
1.223757	4.0135
1.223596	4.0357
1.224239	4.0554
1.224078	4.0913
1.224399	4.1042
1.223596	4.1386
1.224560	4.1522
1.223917	4.1915
1.224078	4.2068
1.224078	4.2366
1.224078	4.2538
1.224239	4.2665
1.224239	4.2845
1.224078	4.2969
1.223757	4.3139
1.224560	4.3370
1.224399	4.3552
1.224078	4.3883
1.224720	4.4077
1.224078	4.4409
1.224239	4.4540
1.224078	4.4868
1.224399	4.5061
1.224239	4.5409
1.224399	4.5527
1.224078	4.5699
1.224399	4.5831
1.224239	4.5984
1.224560	4.6377
1.224560	4.6510
1.224239	4.6870
1.224239	4.7023
1.224239	4.7385
1.224399	4.7554
1.224239	4.7929
1.224720	4.8064
1.225041	4.8403
1.225041	4.8541
1.224078	4.8682
1.224078	4.8824
1.224078	4.8972
1.224399	4.9119
1.224239	4.9393
1.224239	4.9551
1.223917	4.9934
1.224560	5.0067
1.224239	5.0397
1.224078	5.0545
1.224239	5.0873
1.224078	5.1037
1.224239	5.1397
1.224078	5.1539
1.224078	5.1704
1.224399	5.1846
1.223917	5.1981
1.224399	5.2127
1.223757	5.2402
1.224399	5.2541
1.224078	5.2898
1.224239	5.3027
1.224239	5.3406
1.224078	5.3518
1.224239	5.3924
1.224239	5.4033
1.224239	5.4397
1.224399	5.4511
1.224078	5.4706
1.224560	5.4833
1.224078	5.4970
1.223757	5.5135
1.223917	5.5412
1.224720	5.5540
1.224720	5.5926
1.224239	5.6043
1.224239	5.6415
1.223917	5.6558
1.224399	5.6905
1.224560	5.7038
1.224239	5.7401
1.223917	5.7552
1.224239	5.7707
1.224239	5.7825
1.224560	5.7993
1.224399	5.8131
1.224239	5.8412
1.223917	5.8525
1.224399	5.8905
1.224078	5.9056
1.224239	5.9346
1.224078	5.9532
1.223917	5.9925
1.224078	6.0066
1.224239	6.0317
1.224239	6.0523
1.224399	6.0728
1.224239	6.0881
1.224399	6.1033
1.224239	6.1330
1.224399	6.1540
1.223917	6.1932
1.223917	6.2043
1.224720	6.2404
1.224399	6.2517
1.223917	6.2901
1.224881	6.3034
1.224720	6.3373
1.224078	6.3542
1.224399	6.3701
1.225041	6.3847
1.224078	6.3957
1.224720	6.4128
1.224239	6.4397
1.224239	6.4533
1.224078	6.4839
1.224399	6.5048
1.224078	6.5393
1.224078	6.5543
1.224239	6.5864

Mean Power (dBm):	0.8784
Mean Power (mW):	1.224168
