Power (mW)	Time (sek)
0.6494648989999999	0.13715672492980957
0.649431371	0.13715672492980957
0.649414258	0.13715672492980957
0.6494210100000001	0.13715672492980957
0.649391848	0.13715672492980957
0.649419439	0.13715672492980957
0.649416761	0.13715672492980957
0.6494409750000001	0.13715672492980957
0.6494385309999999	0.13715672492980957
0.649371999	0.13715672492980957
0.64935023	0.13715672492980957
0.649359659	0.13715672492980957
0.6493683899999999	0.13715672492980957
0.649342139	0.13715672492980957
0.6493106479999999	0.13715672492980957
0.649301626	0.13715672492980957
0.64926967	0.13715672492980957
0.6492478420000001	0.13715672492980957
0.649225665	0.13715672492980957
0.649225316	0.13715672492980957
0.649269263	0.13715672492980957
0.6493135010000001	0.13715672492980957
0.649359019	0.13715672492980957
0.649338181	0.13715672492980957
0.649371941	0.13715672492980957
0.649410591	0.13715672492980957
0.649460708	0.13715672492980957
0.6494878329999999	0.13715672492980957
0.649504887	0.13715672492980957
0.6495444690000001	0.13715672492980957
0.6495640260000001	0.13715672492980957
0.649583002	0.13715672492980957
0.649608381	0.13715672492980957
0.6495820710000001	0.13715672492980957
0.6496286370000001	0.13715672492980957
0.649668451	0.13715672492980957
0.649655994	0.13715672492980957
0.6496746790000001	0.13715672492980957
0.649659545	0.13715672492980957
0.649630267	0.13715672492980957
0.649593072	0.13715672492980957
0.6495302079999999	0.13715672492980957
0.649485854	0.13715672492980957
0.649455178	0.13715672492980957
0.6494611730000001	0.13715672492980957
0.6494385890000001	0.13715672492980957
0.649397378	0.13715672492980957
0.6493980760000001	0.13715672492980957
0.649387948	0.13715672492980957
0.649398775	0.13715672492980957
0.649412628	0.13715672492980957
0.649406458	0.13715672492980957
0.6494219999999999	0.13715672492980957
0.649399823	0.13715672492980957
0.6493976109999999	0.13715672492980957
0.6494019759999999	0.13715672492980957
0.649390044	0.13715672492980957
0.649384921	0.13715672492980957
0.649404246	0.13715672492980957
0.649428985	0.13715672492980957
0.649517926	0.13715672492980957
0.649559021	0.13715672492980957
0.64958859	0.13715672492980957
0.6496415010000001	0.13715672492980957
0.649706111	0.13715672492980957
0.6497198479999999	0.13715672492980957
0.649781199	0.13715672492980957
0.649789697	0.13715672492980957
0.6498369039999999	0.13715672492980957
0.649825146	0.13715672492980957
0.649793656	0.13715672492980957
0.649757916	0.13715672492980957
0.649696158	0.13715672492980957
0.6496778219999999	0.13715672492980957
0.649592315	0.13715672492980957
0.649550173	0.13715672492980957
0.64945285	0.13715672492980957
0.64942264	0.13715672492980957
0.649409019	0.13715672492980957
0.649412628	0.13715672492980957
0.649413909	0.13715672492980957
0.649340625	0.13715672492980957
0.6492906249999999	0.13715672492980957
0.6492827090000001	0.13715672492980957
0.649364199	0.13715672492980957
0.650862756	0.13715672492980957
0.652082788	0.13715672492980957
0.651227369	0.13715672492980957
0.653155788	0.13715672492980957
0.6541680200000001	0.13715672492980957
0.6543296040000001	0.13715672492980957
0.654272735	0.13715672492980957
0.6542562040000001	0.13715672492980957
0.6542301850000001	0.13715672492980957
0.653929019	0.13715672492980957
0.654053292	0.13715672492980957
0.653595838	0.13715672492980957
0.653262425	0.13715672492980957
0.653010211	0.13715672492980957
0.65256207	0.13715672492980957
0.651434995	0.13715672492980957
0.6494949919999999	0.13715672492980957
0.6496746790000001	0.13715672492980957
0.6506990760000001	0.13715672492980957
0.650660193	0.13715672492980957
0.6507392390000001	0.13715672492980957
0.65053883	0.13715672492980957
0.650281901	0.13715672492980957
0.650144124	0.13715672492980957
0.650069618	0.13715672492980957
0.6500101300000001	0.13715672492980957
0.649967522	0.13715672492980957
0.6500570450000001	0.13715672492980957
0.6500688609999999	0.13715672492980957
0.649959664	0.13715672492980957
0.649840222	0.13715672492980957
0.649858441	0.13715672492980957
0.6499624	0.13715672492980957
0.650014204	0.13715672492980957
0.6501264290000001	0.13715672492980957
0.6502694450000001	0.13715672492980957
0.650484581	0.13715672492980957
0.650690286	0.13715672492980957
0.650701579	0.13715672492980957
0.650724163	0.13715672492980957
0.6508001240000001	0.13715672492980957
0.6507912770000001	0.13715672492980957
0.6506982610000001	0.13715672492980957
0.6506266070000001	0.13715672492980957
0.650586968	0.13715672492980957
0.6503648470000001	0.13715672492980957
0.650350412	0.13715672492980957
0.650411355	0.13715672492980957
0.6504923220000001	0.13715672492980957
0.650512753	0.13715672492980957
0.6506332429999999	0.13715672492980957
0.6507613	0.13715672492980957
0.650766422	0.13715672492980957
0.650735805	0.13715672492980957
0.650699309	0.13715672492980957
0.650616188	0.13715672492980957
0.650460424	0.13715672492980957
0.650346512	0.13715672492980957
0.65018551	0.13715672492980957
0.649999129	0.13715672492980957
0.649842201	0.13715672492980957
0.6497547149999999	0.13715672492980957
0.649747264	0.13715672492980957
0.6498394070000001	0.13715672492980957
0.6499426669999999	0.13715672492980957
0.650043017	0.13715672492980957
0.650236441	0.13715672492980957
0.65031409	0.13715672492980957
0.650389411	0.13715672492980957
0.650457572	0.13715672492980957
0.650483998	0.13715672492980957
0.6505115890000001	0.13715672492980957
0.650515431	0.13715672492980957
0.650564849	0.13715672492980957
0.65059535	0.13715672492980957
0.650517002	0.13715672492980957
0.650473987	0.13715672492980957
0.650540809	0.13715672492980957
0.650633068	0.13715672492980957
0.65078761	0.13715672492980957
0.650867471	0.13715672492980957
0.650935632	0.13715672492980957
0.650930102	0.13715672492980957
0.650846225	0.13715672492980957
0.65074052	0.13715672492980957
0.650568632	0.13715672492980957
0.650436501	0.13715672492980957
0.6503495389999999	0.13715672492980957
0.650193484	0.13715672492980957
0.650018163	0.13715672492980957
0.6499254959999999	0.13715672492980957
0.649956462	0.13715672492980957
0.649984926	0.13715672492980957
0.6500349259999999	0.13715672492980957
0.650059781	0.13715672492980957
0.650203438	0.13715672492980957
0.6502370230000001	0.13715672492980957
0.6502748	0.13715672492980957
0.650223345	0.13715672492980957
0.6501899919999999	0.13715672492980957
0.650169794	0.13715672492980957
0.650183356	0.13715672492980957
0.650092377	0.13715672492980957
0.6500036109999999	0.13715672492980957
0.650107337	0.13715672492980957
0.650228641	0.13715672492980957
0.650405709	0.13715672492980957
0.650510949	0.13715672492980957
0.65064471	0.13715672492980957
0.650833943	0.13715672492980957
0.6508665389999999	0.13715672492980957
0.650799659	0.13715672492980957
0.6506877249999999	0.13715672492980957
0.65061386	0.13715672492980957
0.650541624	0.13715672492980957
0.650426198	0.13715672492980957
0.650255824	0.13715672492980957
0.65012608	0.13715672492980957
0.650013855	0.13715672492980957
0.650000351	0.13715672492980957
0.6500016319999999	0.13715672492980957
0.6500320159999999	0.13715672492980957
0.650064729	0.13715672492980957
0.6501592	0.13715672492980957
0.65031898	0.13715672492980957
0.65032806	0.13715672492980957
0.6502741599999999	0.13715672492980957
0.650210131	0.13715672492980957
0.650148897	0.13715672492980957
0.650133647	0.13715672492980957
0.650049187	0.13715672492980957
0.649976195	0.13715672492980957
0.649957277	0.13715672492980957
0.650000642	0.13715672492980957
0.6500686290000001	0.13715672492980957
0.650183822	0.13715672492980957
0.650297385	0.13715672492980957
0.650532485	0.13715672492980957
0.650718459	0.13715672492980957
0.6507792280000001	0.13715672492980957
0.650752278	0.13715672492980957
0.6507483780000001	0.13715672492980957
0.650694419	0.13715672492980957
0.6506337670000001	0.13715672492980957
0.65061514	0.13715672492980957
0.650559727	0.13715672492980957
0.650509261	0.13715672492980957
0.650460192	0.13715672492980957
0.650414731	0.13715672492980957
0.6503867919999999	0.13715672492980957
0.650369097	0.13715672492980957
0.650371367	0.13715672492980957
0.650423928	0.13715672492980957
0.650427886	0.13715672492980957
0.650411239	0.13715672492980957
0.650366477	0.13715672492980957
0.650274276	0.13715672492980957
0.650235103	0.13715672492980957
0.650196278	0.13715672492980957
0.650145637	0.13715672492980957
0.6501355670000001	0.13715672492980957
0.6501398749999999	0.13715672492980957
0.650237955	0.13715672492980957
0.650340051	0.13715672492980957
0.650475675	0.13715672492980957
0.650650763	0.13715672492980957
0.650759903	0.13715672492980957
0.65077655	0.13715672492980957
0.650778762	0.13715672492980957
0.650735514	0.13715672492980957
0.6507198559999999	0.13715672492980957
0.650659145	0.13715672492980957
0.650580507	0.13715672492980957
0.65054564	0.13715672492980957
0.65055507	0.13715672492980957
0.650578295	0.13715672492980957
0.65060315	0.13715672492980957
0.650621427	0.13715672492980957
0.6506231729999999	0.13715672492980957
0.6506295759999999	0.13715672492980957
0.650634058	0.13715672492980957
0.650614733	0.13715672492980957
0.65050245	0.13715672492980957
0.6503716580000001	0.13715672492980957
0.6502005270000001	0.13715672492980957
0.650111528	0.13715672492980957
0.650027534	0.13715672492980957
0.6498845759999999	0.13715672492980957
0.649860362	0.13715672492980957
0.6499476150000001	0.13715672492980957
0.65006467	0.13715672492980957
0.650162867	0.13715672492980957
0.650305359	0.13715672492980957
0.650430098	0.13715672492980957
0.650527771	0.13715672492980957
0.6505447670000001	0.13715672492980957
0.650581846	0.13715672492980957
0.650591566	0.13715672492980957
0.650606176	0.13715672492980957
0.6506204369999999	0.13715672492980957
0.650661241	0.13715672492980957
0.650666188	0.13715672492980957
0.650694768	0.13715672492980957
0.650732254	0.13715672492980957
0.650760951	0.13715672492980957
0.650772767	0.13715672492980957
0.6507443610000001	0.13715672492980957
0.65074634	0.13715672492980957
0.6507242209999999	0.13715672492980957
0.650689239	0.13715672492980957
0.650634349	0.13715672492980957
0.650567235	0.13715672492980957
0.650503847	0.13715672492980957
0.6503975599999999	0.13715672492980957
0.6502799810000001	0.13715672492980957
Power (dBm)
28.13098343858119