Power (mW)	Time (sek)
0.654540083	0.13316631317138672
0.654493866	0.13316631317138672
0.654441072	0.13316631317138672
0.654395088	0.13316631317138672
0.654440373	0.13316631317138672
0.654462143	0.13316631317138672
0.654524425	0.13316631317138672
0.654568546	0.13316631317138672
0.654614705	0.13316631317138672
0.65470644	0.13316631317138672
0.6547173829999999	0.13316631317138672
0.654772797	0.13316631317138672
0.654801785	0.13316631317138672
0.654855103	0.13316631317138672
0.6549451500000001	0.13316631317138672
0.654981704	0.13316631317138672
0.6549922979999999	0.13316631317138672
0.65495976	0.13316631317138672
0.654972799	0.13316631317138672
0.654915115	0.13316631317138672
0.654841482	0.13316631317138672
0.654778501	0.13316631317138672
0.6547514929999999	0.13316631317138672
0.6547354860000001	0.13316631317138672
0.654717034	0.13316631317138672
0.654764823	0.13316631317138672
0.654789619	0.13316631317138672
0.654847419	0.13316631317138672
0.6548473610000001	0.13316631317138672
0.65477693	0.13316631317138672
0.654678559	0.13316631317138672
0.654619362	0.13316631317138672
0.6545748330000001	0.13316631317138672
0.654487172	0.13316631317138672
0.654430536	0.13316631317138672
0.654469244	0.13316631317138672
0.6545835059999999	0.13316631317138672
0.654694682	0.13316631317138672
0.65469282	0.13316631317138672
0.654773379	0.13316631317138672
0.654775184	0.13316631317138672
0.6548117960000001	0.13316631317138672
0.654807489	0.13316631317138672
0.6547386289999999	0.13316631317138672
0.654666335	0.13316631317138672
0.6546136570000001	0.13316631317138672
0.6545427020000001	0.13316631317138672
0.654529955	0.13316631317138672
0.654554227	0.13316631317138672
0.6547019000000001	0.13316631317138672
0.6548669770000001	0.13316631317138672
0.655055512	0.13316631317138672
0.655104232	0.13316631317138672
0.655124837	0.13316631317138672
0.655125827	0.13316631317138672
0.655074196	0.13316631317138672
0.654981763	0.13316631317138672
0.6547971859999999	0.13316631317138672
0.654649164	0.13316631317138672
0.654575008	0.13316631317138672
0.6545699429999999	0.13316631317138672
0.6545381619999999	0.13316631317138672
0.654564064	0.13316631317138672
0.654633564	0.13316631317138672
0.654718606	0.13316631317138672
0.654807256	0.13316631317138672
0.654789794	0.13316631317138672
0.65481785	0.13316631317138672
0.654763833	0.13316631317138672
0.654791191	0.13316631317138672
0.654801319	0.13316631317138672
0.654679898	0.13316631317138672
0.654534961	0.13316631317138672
0.6544754140000001	0.13316631317138672
0.654470408	0.13316631317138672
0.654482516	0.13316631317138672
0.6545055080000001	0.13316631317138672
0.654566858	0.13316631317138672
0.654693402	0.13316631317138672
0.654816744	0.13316631317138672
0.654906384	0.13316631317138672
0.654972566	0.13316631317138672
0.655497715	0.13316631317138672
0.6576096060000001	0.13316631317138672
0.6576870220000001	0.13316631317138672
0.658802979	0.13316631317138672
0.659747457	0.13316631317138672
0.659794081	0.13316631317138672
0.659916026	0.13316631317138672
0.65977982	0.13316631317138672
0.659685524	0.13316631317138672
0.659580342	0.13316631317138672
0.6596250459999999	0.13316631317138672
0.659770973	0.13316631317138672
0.659782789	0.13316631317138672
0.6598333710000001	0.13316631317138672
0.659841695	0.13316631317138672
0.659978949	0.13316631317138672
0.660002988	0.13316631317138672
0.660037738	0.13316631317138672
0.659975281	0.13316631317138672
0.65993116	0.13316631317138672
0.659890007	0.13316631317138672
0.659861136	0.13316631317138672
0.659829762	0.13316631317138672
0.659918471	0.13316631317138672
0.6600900089999999	0.13316631317138672
0.660047168	0.13316631317138672
0.6598668990000001	0.13316631317138672
0.659481157	0.13316631317138672
0.65881334	0.13316631317138672
0.657806464	0.13316631317138672
0.657670316	0.13316631317138672
0.658001692	0.13316631317138672
0.658031437	0.13316631317138672
0.6581528	0.13316631317138672
0.658118341	0.13316631317138672
0.658133242	0.13316631317138672
0.65808848	0.13316631317138672
0.6579409239999999	0.13316631317138672
0.657912344	0.13316631317138672
0.6579254990000001	0.13316631317138672
0.657973345	0.13316631317138672
0.657990575	0.13316631317138672
0.658036734	0.13316631317138672
0.6580315529999999	0.13316631317138672
0.657997851	0.13316631317138672
0.6579342300000001	0.13316631317138672
0.657934928	0.13316631317138672
0.6579839390000001	0.13316631317138672
0.657991099	0.13316631317138672
0.6580307959999999	0.13316631317138672
0.658052741	0.13316631317138672
0.6579904000000001	0.13316631317138672
0.657930213	0.13316631317138672
0.657873286	0.13316631317138672
0.6577842869999999	0.13316631317138672
0.657690223	0.13316631317138672
0.6576082089999999	0.13316631317138672
0.6575419100000001	0.13316631317138672
0.6575682199999999	0.13316631317138672
0.65767346	0.13316631317138672
0.6578536119999999	0.13316631317138672
0.65790402	0.13316631317138672
0.657975848	0.13316631317138672
0.657940516	0.13316631317138672
0.6578491879999999	0.13316631317138672
0.657796336	0.13316631317138672
0.657753437	0.13316631317138672
0.65774034	0.13316631317138672
0.6577265449999999	0.13316631317138672
0.6577430179999999	0.13316631317138672
0.6577525639999999	0.13316631317138672
0.6577800380000001	0.13316631317138672
0.657778408	0.13316631317138672
0.657746452	0.13316631317138672
0.657702098	0.13316631317138672
0.657662225	0.13316631317138672
0.6576568119999999	0.13316631317138672
0.6576037849999999	0.13316631317138672
0.657569151	0.13316631317138672
0.6576488960000001	0.13316631317138672
0.6577261959999999	0.13316631317138672
0.657810946	0.13316631317138672
0.657851167	0.13316631317138672
0.657902448	0.13316631317138672
0.657904602	0.13316631317138672
0.657865836	0.13316631317138672
0.657826487	0.13316631317138672
0.657786906	0.13316631317138672
0.6577515740000001	0.13316631317138672
0.657688652	0.13316631317138672
0.657665834	0.13316631317138672
0.657611934	0.13316631317138672
0.657571421	0.13316631317138672
0.657535624	0.13316631317138672
0.657522352	0.13316631317138672
0.657558907	0.13316631317138672
0.6575594309999999	0.13316631317138672
0.657601922	0.13316631317138672
0.6576267189999999	0.13316631317138672
0.657709083	0.13316631317138672
0.657750003	0.13316631317138672
0.657792436	0.13316631317138672
0.6577842869999999	0.13316631317138672
0.657729397	0.13316631317138672
0.657742203	0.13316631317138672
0.6576589660000001	0.13316631317138672
0.6576096060000001	0.13316631317138672
0.657616358	0.13316631317138672
0.65763545	0.13316631317138672
0.657690282	0.13316631317138672
0.657712633	0.13316631317138672
0.65777608	0.13316631317138672
0.657781027	0.13316631317138672
0.6578195029999999	0.13316631317138672
0.657777011	0.13316631317138672
0.657712808	0.13316631317138672
0.657682715	0.13316631317138672
0.6576720629999999	0.13316631317138672
0.657707336	0.13316631317138672
0.657766999	0.13316631317138672
0.657892961	0.13316631317138672
0.658021658	0.13316631317138672
0.658028817	0.13316631317138672
0.657991099	0.13316631317138672
0.657905941	0.13316631317138672
0.6578684549999999	0.13316631317138672
0.657715776	0.13316631317138672
0.65757049	0.13316631317138672
0.657513679	0.13316631317138672
0.657480268	0.13316631317138672
0.657488126	0.13316631317138672
0.6574702570000001	0.13316631317138672
0.657530327	0.13316631317138672
0.657550059	0.13316631317138672
0.6576373130000001	0.13316631317138672
0.657729513	0.13316631317138672
0.657793717	0.13316631317138672
0.657782715	0.13316631317138672
0.6577752060000001	0.13316631317138672
0.657779572	0.13316631317138672
0.657709315	0.13316631317138672
0.657621655	0.13316631317138672
0.65755524	0.13316631317138672
0.657445926	0.13316631317138672
0.65740617	0.13316631317138672
0.657427823	0.13316631317138672
0.657370721	0.13316631317138672
0.657431374	0.13316631317138672
0.657440803	0.13316631317138672
0.65750652	0.13316631317138672
0.657559489	0.13316631317138672
0.657595112	0.13316631317138672
0.657550059	0.13316631317138672
0.6575810839999999	0.13316631317138672
0.6575291050000001	0.13316631317138672
0.657465949	0.13316631317138672
0.657417404	0.13316631317138672
0.657400815	0.13316631317138672
0.657413853	0.13316631317138672
0.6574181610000001	0.13316631317138672
0.65744872	0.13316631317138672
0.65747177	0.13316631317138672
0.657458557	0.13316631317138672
0.6574644940000001	0.13316631317138672
0.657457218	0.13316631317138672
0.6574422	0.13316631317138672
0.657423341	0.13316631317138672
0.657449476	0.13316631317138672
0.657437544	0.13316631317138672
0.657551514	0.13316631317138672
0.657558441	0.13316631317138672
0.657438766	0.13316631317138672
0.6574148430000001	0.13316631317138672
0.657434925	0.13316631317138672
0.657380384	0.13316631317138672
0.6573972060000001	0.13316631317138672
0.6573587310000001	0.13316631317138672
0.657339871	0.13316631317138672
0.657341618	0.13316631317138672
0.65741752	0.13316631317138672
0.657448487	0.13316631317138672
0.657481956	0.13316631317138672
0.657528813	0.13316631317138672
0.6575097209999999	0.13316631317138672
0.6574981379999999	0.13316631317138672
0.657433178	0.13316631317138672
0.657378288	0.13316631317138672
0.657370081	0.13316631317138672
0.657343189	0.13316631317138672
0.657328404	0.13316631317138672
0.6573522700000001	0.13316631317138672
0.6574553550000001	0.13316631317138672
0.657601631	0.13316631317138672
0.657694007	0.13316631317138672
0.657696684	0.13316631317138672
0.657743833	0.13316631317138672
0.6577137970000001	0.13316631317138672
0.657680561	0.13316631317138672
0.65763836	0.13316631317138672
0.657527242	0.13316631317138672
0.657444005	0.13316631317138672
0.657377765	0.13316631317138672
0.657370314	0.13316631317138672
0.657316821	0.13316631317138672
0.657291966	0.13316631317138672
0.657303492	0.13316631317138672
0.657376833	0.13316631317138672
0.65747404	0.13316631317138672
0.657514378	0.13316631317138672
0.65758673	0.13316631317138672
0.657614146	0.13316631317138672
0.657638302	0.13316631317138672
0.657665776	0.13316631317138672
0.657572877	0.13316631317138672
0.657463039	0.13316631317138672
0.6573825959999999	0.13316631317138672
0.657345576	0.13316631317138672
0.657240627	0.13316631317138672
Power (dBm)
28.175833737423943