Power (mW)	Time (sek)
0.677535776	0.10912179946899414
0.677517673	0.10912179946899414
0.677547127	0.10912179946899414
0.677540724	0.10912179946899414
0.677565462	0.10912179946899414
0.677561911	0.10912179946899414
0.677551434	0.10912179946899414
0.6775014920000001	0.10912179946899414
0.677503878	0.10912179946899414
0.677431235	0.10912179946899414
0.677402306	0.10912179946899414
0.677404052	0.10912179946899414
0.677386764	0.10912179946899414
0.677445787	0.10912179946899414
0.6774551	0.10912179946899414
0.677481876	0.10912179946899414
0.677466567	0.10912179946899414
0.677524658	0.10912179946899414
0.6775314689999999	0.10912179946899414
0.677480712	0.10912179946899414
0.677477859	0.10912179946899414
0.677490374	0.10912179946899414
0.677492935	0.10912179946899414
0.677438511	0.10912179946899414
0.677433331	0.10912179946899414
0.677392643	0.10912179946899414
0.677366392	0.10912179946899414
0.677350501	0.10912179946899414
0.6773387430000001	0.10912179946899414
0.677375763	0.10912179946899414
0.6773687199999999	0.10912179946899414
0.6773650529999999	0.10912179946899414
0.677333213	0.10912179946899414
0.677317672	0.10912179946899414
0.677358417	0.10912179946899414
0.6773512580000001	0.10912179946899414
0.677405449	0.10912179946899414
0.677413773	0.10912179946899414
0.677458011	0.10912179946899414
0.677487638	0.10912179946899414
0.677490083	0.10912179946899414
0.6774661599999999	0.10912179946899414
0.677399745	0.10912179946899414
0.677408359	0.10912179946899414
0.677395845	0.10912179946899414
0.677411328	0.10912179946899414
0.6773771599999999	0.10912179946899414
0.677342061	0.10912179946899414
0.677345495	0.10912179946899414
0.677370292	0.10912179946899414
0.677401433	0.10912179946899414
0.677404227	0.10912179946899414
0.677433563	0.10912179946899414
0.677493983	0.10912179946899414
0.677513657	0.10912179946899414
0.677514472	0.10912179946899414
0.677469419	0.10912179946899414
0.677476288	0.10912179946899414
0.677488686	0.10912179946899414
0.677514472	0.10912179946899414
0.6775332150000001	0.10912179946899414
0.6774966610000001	0.10912179946899414
0.67744276	0.10912179946899414
0.677385775	0.10912179946899414
0.677357486	0.10912179946899414
0.677310396	0.10912179946899414
0.677330652	0.10912179946899414
0.677366334	0.10912179946899414
0.677408767	0.10912179946899414
0.6775396180000001	0.10912179946899414
0.6775592340000001	0.10912179946899414
0.67757949	0.10912179946899414
0.677585951	0.10912179946899414
0.677636708	0.10912179946899414
0.677614415	0.10912179946899414
0.677644333	0.10912179946899414
0.677642704	0.10912179946899414
0.6776196529999999	0.10912179946899414
0.677591248	0.10912179946899414
0.677571748	0.10912179946899414
0.6776389199999999	0.10912179946899414
0.677591073	0.10912179946899414
0.677599921	0.10912179946899414
0.67755644	0.10912179946899414
0.677579548	0.10912179946899414
0.677607604	0.10912179946899414
0.6776675	0.10912179946899414
0.677693286	0.10912179946899414
0.677564123	0.10912179946899414
0.6775247750000001	0.10912179946899414
0.677462143	0.10912179946899414
0.67749538	0.10912179946899414
0.6775245999999999	0.10912179946899414
0.677445438	0.10912179946899414
0.677318603	0.10912179946899414
0.677470351	0.10912179946899414
0.677537057	0.10912179946899414
0.6771195910000001	0.10912179946899414
0.677251606	0.10912179946899414
0.677330419	0.10912179946899414
0.677275297	0.10912179946899414
0.677381991	0.10912179946899414
0.677231234	0.10912179946899414
0.6769991009999999	0.10912179946899414
0.6770694740000001	0.10912179946899414
0.6774532959999999	0.10912179946899414
0.677388045	0.10912179946899414
0.677581702	0.10912179946899414
0.677652424	0.10912179946899414
0.67710079	0.10912179946899414
0.676946016	0.10912179946899414
0.677157135	0.10912179946899414
0.677259406	0.10912179946899414
0.67737198	0.10912179946899414
0.677996431	0.10912179946899414
0.678206852	0.10912179946899414
0.677822041	0.10912179946899414
0.677570351	0.10912179946899414
0.67785487	0.10912179946899414
0.678078854	0.10912179946899414
0.677707721	0.10912179946899414
0.676819705	0.10912179946899414
0.676562195	0.10912179946899414
0.677310396	0.10912179946899414
0.6777947999999999	0.10912179946899414
0.678149285	0.10912179946899414
0.678376877	0.10912179946899414
0.677887932	0.10912179946899414
0.6775047510000001	0.10912179946899414
0.677458884	0.10912179946899414
0.677680015	0.10912179946899414
0.678059761	0.10912179946899414
0.678403478	0.10912179946899414
0.678278448	0.10912179946899414
0.678152137	0.10912179946899414
0.678051845	0.10912179946899414
0.6780161060000001	0.10912179946899414
0.678044744	0.10912179946899414
0.677993405	0.10912179946899414
0.677958655	0.10912179946899414
0.678252487	0.10912179946899414
0.67846087	0.10912179946899414
0.678513839	0.10912179946899414
0.678332872	0.10912179946899414
0.677816046	0.10912179946899414
0.677676115	0.10912179946899414
0.6777700040000001	0.10912179946899414
0.677813718	0.10912179946899414
0.678065058	0.10912179946899414
0.67840179	0.10912179946899414
0.6786420129999999	0.10912179946899414
0.678499287	0.10912179946899414
0.678298064	0.10912179946899414
0.6782219859999999	0.10912179946899414
0.678155338	0.10912179946899414
0.678250275	0.10912179946899414
0.678279204	0.10912179946899414
0.678253302	0.10912179946899414
0.678174547	0.10912179946899414
0.6780823460000001	0.10912179946899414
0.678235665	0.10912179946899414
0.678283977	0.10912179946899414
0.678264245	0.10912179946899414
0.678214245	0.10912179946899414
0.6782060369999999	0.10912179946899414
0.677998993	0.10912179946899414
0.6780469560000001	0.10912179946899414
0.6783102870000001	0.10912179946899414
0.678395154	0.10912179946899414
0.67834236	0.10912179946899414
0.67824882	0.10912179946899414
0.678132463	0.10912179946899414
0.678018667	0.10912179946899414
0.6780477119999999	0.10912179946899414
0.67817478	0.10912179946899414
0.67830144	0.10912179946899414
0.6782843270000001	0.10912179946899414
0.678253011	0.10912179946899414
0.678189041	0.10912179946899414
0.6781431149999999	0.10912179946899414
0.678181008	0.10912179946899414
0.678268843	0.10912179946899414
0.67837094	0.10912179946899414
0.6784163999999999	0.10912179946899414
0.678349694	0.10912179946899414
0.678065117	0.10912179946899414
0.678050448	0.10912179946899414
0.678439916	0.10912179946899414
0.678381068	0.10912179946899414
0.67824428	0.10912179946899414
0.6782409620000001	0.10912179946899414
0.678254757	0.10912179946899414
0.678266224	0.10912179946899414
0.678273675	0.10912179946899414
0.6784381690000001	0.10912179946899414
0.678501907	0.10912179946899414
0.678345503	0.10912179946899414
0.678240089	0.10912179946899414
0.678127399	0.10912179946899414
0.678039913	0.10912179946899414
0.677964359	0.10912179946899414
0.678038632	0.10912179946899414
0.6781667469999999	0.10912179946899414
0.67824655	0.10912179946899414
0.678269833	0.10912179946899414
0.678252603	0.10912179946899414
0.6782498090000001	0.10912179946899414
0.6782690760000001	0.10912179946899414
0.6782645359999999	0.10912179946899414
0.678208366	0.10912179946899414
0.6782353160000001	0.10912179946899414
0.678216573	0.10912179946899414
0.67817315	0.10912179946899414
0.6781263510000001	0.10912179946899414
0.678101147	0.10912179946899414
0.678105396	0.10912179946899414
0.67806046	0.10912179946899414
0.6780850820000001	0.10912179946899414
0.6781199480000001	0.10912179946899414
0.6781676200000001	0.10912179946899414
0.678228505	0.10912179946899414
0.678312848	0.10912179946899414
0.678376469	0.10912179946899414
0.678348821	0.10912179946899414
0.678188691	0.10912179946899414
0.6781345	0.10912179946899414
0.678096723	0.10912179946899414
0.67802961	0.10912179946899414
0.6780417750000001	0.10912179946899414
0.678089273	0.10912179946899414
0.6780782710000001	0.10912179946899414
0.678081706	0.10912179946899414
0.678073557	0.10912179946899414
0.678078621	0.10912179946899414
0.678083801	0.10912179946899414
0.678096432	0.10912179946899414
0.6780914259999999	0.10912179946899414
0.678102835	0.10912179946899414
0.678092474	0.10912179946899414
0.678079494	0.10912179946899414
0.6781344420000001	0.10912179946899414
0.678180077	0.10912179946899414
0.678142009	0.10912179946899414
0.678054406	0.10912179946899414
0.678023382	0.10912179946899414
0.67811145	0.10912179946899414
0.678120239	0.10912179946899414
0.678133743	0.10912179946899414
0.678161625	0.10912179946899414
0.6782494020000001	0.10912179946899414
0.678215001	0.10912179946899414
0.678175071	0.10912179946899414
0.678166049	0.10912179946899414
0.678182638	0.10912179946899414
0.678177108	0.10912179946899414
0.6781189	0.10912179946899414
0.6781222179999999	0.10912179946899414
0.678139913	0.10912179946899414
0.678116456	0.10912179946899414
0.6780389229999999	0.10912179946899414
0.677990902	0.10912179946899414
0.6779468390000001	0.10912179946899414
0.677924487	0.10912179946899414
0.677960401	0.10912179946899414
0.6780150580000001	0.10912179946899414
0.678040786	0.10912179946899414
0.678054173	0.10912179946899414
0.6780357800000001	0.10912179946899414
0.678030541	0.10912179946899414
0.677998643	0.10912179946899414
0.6780021940000001	0.10912179946899414
0.67807344	0.10912179946899414
0.6781459089999999	0.10912179946899414
0.678221579	0.10912179946899414
0.678273558	0.10912179946899414
0.678304641	0.10912179946899414
0.678320357	0.10912179946899414
0.6783315910000001	0.10912179946899414
0.678346958	0.10912179946899414
0.678345736	0.10912179946899414
0.678366981	0.10912179946899414
0.6783859569999999	0.10912179946899414
0.678381999	0.10912179946899414
0.678371871	0.10912179946899414
0.6782909619999999	0.10912179946899414
0.678193464	0.10912179946899414
0.678097538	0.10912179946899414
0.678055338	0.10912179946899414
0.678025011	0.10912179946899414
0.6780172699999999	0.10912179946899414
0.678089913	0.10912179946899414
0.6781676200000001	0.10912179946899414
0.678152079	0.10912179946899414
0.678165408	0.10912179946899414
0.678146142	0.10912179946899414
0.678089156	0.10912179946899414
0.678065931	0.10912179946899414
0.6780356049999999	0.10912179946899414
0.678021228	0.10912179946899414
0.6779988760000001	0.10912179946899414
Power (dBm)
28.311446886758333