Power (mW)	Time (sek)
0.6837715050000001	0.1382617950439453
0.683758524	0.1382617950439453
0.683785242	0.1382617950439453
0.6837721449999999	0.1382617950439453
0.6837886759999999	0.1382617950439453
0.683779363	0.1382617950439453
0.683798804	0.1382617950439453
0.683809398	0.1382617950439453
0.683812017	0.1382617950439453
0.683817721	0.1382617950439453
0.683813938	0.1382617950439453
0.6838255209999999	0.1382617950439453
0.683838269	0.1382617950439453
0.68385707	0.1382617950439453
0.683863356	0.1382617950439453
0.683862658	0.1382617950439453
0.683852239	0.1382617950439453
0.6838532860000001	0.1382617950439453
0.683842925	0.1382617950439453
0.683832564	0.1382617950439453
0.6838011319999999	0.1382617950439453
0.683789665	0.1382617950439453
0.683775521	0.1382617950439453
0.6837759280000001	0.1382617950439453
0.683745253	0.1382617950439453
0.6837502590000001	0.1382617950439453
0.683739781	0.1382617950439453
0.683739898	0.1382617950439453
0.683735765	0.1382617950439453
0.683726277	0.1382617950439453
0.683710037	0.1382617950439453
0.683695718	0.1382617950439453
0.68370474	0.1382617950439453
0.683711318	0.1382617950439453
0.683713064	0.1382617950439453
0.683726626	0.1382617950439453
0.683734019	0.1382617950439453
0.683767255	0.1382617950439453
0.683775288	0.1382617950439453
0.6838042169999999	0.1382617950439453
0.6837774999999999	0.1382617950439453
0.6837994439999999	0.1382617950439453
0.683813822	0.1382617950439453
0.6838216210000001	0.1382617950439453
0.6838194679999999	0.1382617950439453
0.6837921100000001	0.1382617950439453
0.683790888	0.1382617950439453
0.68379537	0.1382617950439453
0.683796825	0.1382617950439453
0.6837706899999999	0.1382617950439453
0.6837691180000001	0.1382617950439453
0.68376516	0.1382617950439453
0.683767779	0.1382617950439453
0.683766324	0.1382617950439453
0.683772785	0.1382617950439453
0.683747232	0.1382617950439453
0.683745195	0.1382617950439453
0.683715742	0.1382617950439453
0.683699967	0.1382617950439453
0.6836950780000001	0.1382617950439453
0.683684309	0.1382617950439453
0.683698046	0.1382617950439453
0.683689956	0.1382617950439453
0.683709979	0.1382617950439453
0.6837040999999999	0.1382617950439453
0.6837325049999999	0.1382617950439453
0.6837386750000001	0.1382617950439453
0.683755905	0.1382617950439453
0.6837538089999999	0.1382617950439453
0.683732738	0.1382617950439453
0.6837350670000001	0.1382617950439453
0.683773949	0.1382617950439453
0.68380055	0.1382617950439453
0.68380672	0.1382617950439453
0.68382168	0.1382617950439453
0.683841412	0.1382617950439453
0.683865859	0.1382617950439453
0.6838284320000001	0.1382617950439453
0.683832855	0.1382617950439453
0.683800259	0.1382617950439453
0.68378757	0.1382617950439453
0.68376289	0.1382617950439453
0.683804567	0.1382617950439453
0.683806837	0.1382617950439453
0.683798164	0.1382617950439453
0.683779421	0.1382617950439453
0.6837222030000001	0.1382617950439453
0.683786464	0.1382617950439453
0.683748454	0.1382617950439453
0.683712424	0.1382617950439453
0.6836635879999999	0.1382617950439453
0.683674763	0.1382617950439453
0.6837436809999999	0.1382617950439453
0.683742051	0.1382617950439453
0.6836456009999999	0.1382617950439453
0.683658698	0.1382617950439453
0.683749327	0.1382617950439453
0.683678663	0.1382617950439453
0.683716731	0.1382617950439453
0.683750724	0.1382617950439453
0.6837884430000001	0.1382617950439453
0.6839164999999999	0.1382617950439453
0.683955324	0.1382617950439453
0.683789724	0.1382617950439453
0.683808001	0.1382617950439453
0.683824415	0.1382617950439453
0.683850085	0.1382617950439453
0.683855556	0.1382617950439453
0.6837198160000001	0.1382617950439453
0.683753169	0.1382617950439453
0.683852471	0.1382617950439453
0.683898688	0.1382617950439453
0.68388239	0.1382617950439453
0.683807419	0.1382617950439453
0.683776452	0.1382617950439453
0.683809514	0.1382617950439453
0.6838215049999999	0.1382617950439453
0.683810445	0.1382617950439453
0.683762308	0.1382617950439453
0.683744554	0.1382617950439453
0.6836765100000001	0.1382617950439453
0.68361446	0.1382617950439453
0.683572784	0.1382617950439453
0.683626975	0.1382617950439453
0.6837145769999999	0.1382617950439453
0.683746126	0.1382617950439453
0.68377424	0.1382617950439453
0.683677325	0.1382617950439453
0.683724822	0.1382617950439453
0.6837583500000001	0.1382617950439453
0.6837438560000001	0.1382617950439453
0.683756894	0.1382617950439453
0.683760503	0.1382617950439453
0.683733204	0.1382617950439453
0.683763297	0.1382617950439453
0.683731167	0.1382617950439453
0.6837546830000001	0.1382617950439453
0.683811784	0.1382617950439453
0.683842227	0.1382617950439453
0.6838284320000001	0.1382617950439453
0.683835533	0.1382617950439453
0.683822727	0.1382617950439453
0.683832855	0.1382617950439453
0.683796883	0.1382617950439453
0.683759048	0.1382617950439453
0.6837257529999999	0.1382617950439453
0.6837241239999999	0.1382617950439453
0.683721562	0.1382617950439453
0.683707709	0.1382617950439453
0.683671096	0.1382617950439453
0.6836589310000001	0.1382617950439453
0.683663471	0.1382617950439453
0.683641469	0.1382617950439453
0.683675171	0.1382617950439453
0.683658	0.1382617950439453
0.6836780809999999	0.1382617950439453
0.6836631799999999	0.1382617950439453
0.683646242	0.1382617950439453
0.683627266	0.1382617950439453
0.683641178	0.1382617950439453
0.683638267	0.1382617950439453
0.683639024	0.1382617950439453
0.683633378	0.1382617950439453
0.6836677200000001	0.1382617950439453
0.683670572	0.1382617950439453
0.683692284	0.1382617950439453
0.6837534599999999	0.1382617950439453
0.683774299	0.1382617950439453
0.6837670809999999	0.1382617950439453
0.683749677	0.1382617950439453
0.683756138	0.1382617950439453
0.683758815	0.1382617950439453
0.683763297	0.1382617950439453
0.6837313989999999	0.1382617950439453
0.6836809330000001	0.1382617950439453
0.6836875689999999	0.1382617950439453
0.6837021790000001	0.1382617950439453
0.683717895	0.1382617950439453
0.683713763	0.1382617950439453
0.683678605	0.1382617950439453
0.6836825630000001	0.1382617950439453
0.683684659	0.1382617950439453
0.68367034	0.1382617950439453
0.683644437	0.1382617950439453
0.683653285	0.1382617950439453
0.683613471	0.1382617950439453
0.683603983	0.1382617950439453
0.683589082	0.1382617950439453
0.683548453	0.1382617950439453
0.6835505479999999	0.1382617950439453
0.683577964	0.1382617950439453
0.6835837849999999	0.1382617950439453
0.683608931	0.1382617950439453
0.6836092220000001	0.1382617950439453
0.6836321550000001	0.1382617950439453
0.683668186	0.1382617950439453
0.6837082910000001	0.1382617950439453
0.683663471	0.1382617950439453
0.683671213	0.1382617950439453
0.68364403	0.1382617950439453
0.683610444	0.1382617950439453
0.68360928	0.1382617950439453
0.683618826	0.1382617950439453
0.68365928	0.1382617950439453
0.683659804	0.1382617950439453
0.683666032	0.1382617950439453
0.6836391399999999	0.1382617950439453
0.683630933	0.1382617950439453
0.683671155	0.1382617950439453
0.683687686	0.1382617950439453
0.683671853	0.1382617950439453
0.68363623	0.1382617950439453
0.683605496	0.1382617950439453
0.683595717	0.1382617950439453
0.683600549	0.1382617950439453
0.683588849	0.1382617950439453
0.683598744	0.1382617950439453
0.6835705719999999	0.1382617950439453
0.68359467	0.1382617950439453
0.683585298	0.1382617950439453
0.683572202	0.1382617950439453
0.68357191	0.1382617950439453
0.683569291	0.1382617950439453
0.6835715029999999	0.1382617950439453
0.683557941	0.1382617950439453
0.683560211	0.1382617950439453
0.68356056	0.1382617950439453
0.683555787	0.1382617950439453
0.683575752	0.1382617950439453
0.683564984	0.1382617950439453
0.683583261	0.1382617950439453
0.6835768	0.1382617950439453
0.683628779	0.1382617950439453
0.6836946700000001	0.1382617950439453
0.6837058460000001	0.1382617950439453
0.683688326	0.1382617950439453
0.683647406	0.1382617950439453
0.6836543909999999	0.1382617950439453
0.683635066	0.1382617950439453
0.6836003159999999	0.1382617950439453
0.6835628300000001	0.1382617950439453
0.68355957	0.1382617950439453
0.683527382	0.1382617950439453
0.6835230160000001	0.1382617950439453
0.683495076	0.1382617950439453
0.683507707	0.1382617950439453
0.683511782	0.1382617950439453
0.683505961	0.1382617950439453
0.683532795	0.1382617950439453
0.6835499660000001	0.1382617950439453
0.68357354	0.1382617950439453
0.683579885	0.1382617950439453
0.68359467	0.1382617950439453
0.683604623	0.1382617950439453
0.683589256	0.1382617950439453
0.6835699310000001	0.1382617950439453
0.683558173	0.1382617950439453
0.6835791280000001	0.1382617950439453
0.6835848330000001	0.1382617950439453
0.683609571	0.1382617950439453
0.683621212	0.1382617950439453
0.683635706	0.1382617950439453
0.683633727	0.1382617950439453
0.683646533	0.1382617950439453
0.683648977	0.1382617950439453
0.683664228	0.1382617950439453
0.68367389	0.1382617950439453
0.683656137	0.1382617950439453
0.68365573	0.1382617950439453
0.683626975	0.1382617950439453
0.683609163	0.1382617950439453
0.6836109100000001	0.1382617950439453
0.683621853	0.1382617950439453
0.683627208	0.1382617950439453
0.683619874	0.1382617950439453
0.683621154	0.1382617950439453
0.683590828	0.1382617950439453
0.6835956590000001	0.1382617950439453
0.683588849	0.1382617950439453
0.683587859	0.1382617950439453
0.683551247	0.1382617950439453
0.683524995	0.1382617950439453
0.683510618	0.1382617950439453
0.6835354720000001	0.1382617950439453
0.683516671	0.1382617950439453
0.683566672	0.1382617950439453
0.68356673	0.1382617950439453
0.6835553209999999	0.1382617950439453
0.683621038	0.1382617950439453
0.683603517	0.1382617950439453
0.683612423	0.1382617950439453
0.683635008	0.1382617950439453
0.683607766	0.1382617950439453
0.683622784	0.1382617950439453
0.683588965	0.1382617950439453
0.683600607	0.1382617950439453
0.683574122	0.1382617950439453
0.683597988	0.1382617950439453
0.6835953100000001	0.1382617950439453
0.6835914679999999	0.1382617950439453
Power (dBm)
28.348624099114087