Power (mW)	Time (sek)
0.477956171	0.13707375526428223
0.477945519	0.13707375526428223
0.47794386	0.13707375526428223
0.477936468	0.13707375526428223
0.477923779	0.13707375526428223
0.477935217	0.13707375526428223
0.47790812099999996	0.13707375526428223
0.47789744	0.13707375526428223
0.477903552	0.13707375526428223
0.477884169	0.13707375526428223
0.477890339	0.13707375526428223
0.4778812	0.13707375526428223
0.477891241	0.13707375526428223
0.477866415	0.13707375526428223
0.477875263	0.13707375526428223
0.477915106	0.13707375526428223
0.477896217	0.13707375526428223
0.47790168899999996	0.13707375526428223
0.47787893000000004	0.13707375526428223
0.477881811	0.13707375526428223
0.477866124	0.13707375526428223
0.477889989	0.13707375526428223
0.47790454099999996	0.13707375526428223
0.477889989	0.13707375526428223
0.477883499	0.13707375526428223
0.477891357	0.13707375526428223
0.47790969299999997	0.13707375526428223
0.47790454099999996	0.13707375526428223
0.47791170099999997	0.13707375526428223
0.47792517599999995	0.13707375526428223
0.47724761	0.13707375526428223
0.477982627	0.13707375526428223
0.483967102	0.13707375526428223
0.484038814	0.13707375526428223
0.483013195	0.13707375526428223
0.48133433999999997	0.13707375526428223
0.479845505	0.13707375526428223
0.480899151	0.13707375526428223
0.478460628	0.13707375526428223
0.478307687	0.13707375526428223
0.478326372	0.13707375526428223
0.478304486	0.13707375526428223
0.47828952700000005	0.13707375526428223
0.478228525	0.13707375526428223
0.478174275	0.13707375526428223
0.478188886	0.13707375526428223
0.478146598	0.13707375526428223
0.478148868	0.13707375526428223
0.47810104999999997	0.13707375526428223
0.478061091	0.13707375526428223
0.478007772	0.13707375526428223
0.477989466	0.13707375526428223
0.477943249	0.13707375526428223
0.477874564	0.13707375526428223
0.477850903	0.13707375526428223
0.477806752	0.13707375526428223
0.477781839	0.13707375526428223
0.477745722	0.13707375526428223
0.477648253	0.13707375526428223
0.477582042	0.13707375526428223
0.47754685500000005	0.13707375526428223
0.477537717	0.13707375526428223
0.477493595	0.13707375526428223
0.477449677	0.13707375526428223
0.477413443	0.13707375526428223
0.477357331	0.13707375526428223
0.477326423	0.13707375526428223
0.47726248200000004	0.13707375526428223
0.47723887800000003	0.13707375526428223
0.477215304	0.13707375526428223
0.47718986799999996	0.13707375526428223
0.477172725	0.13707375526428223
0.477129361	0.13707375526428223
0.477120077	0.13707375526428223
0.477092719	0.13707375526428223
0.477084337	0.13707375526428223
0.477063586	0.13707375526428223
0.47702359699999997	0.13707375526428223
0.477011024	0.13707375526428223
0.47699350399999996	0.13707375526428223
0.476976507	0.13707375526428223
0.476920191	0.13707375526428223
0.476922491	0.13707375526428223
0.476895075	0.13707375526428223
0.476892455	0.13707375526428223
0.476873742	0.13707375526428223
0.476801855	0.13707375526428223
0.476774672	0.13707375526428223
0.476724963	0.13707375526428223
0.47671044	0.13707375526428223
0.476675777	0.13707375526428223
0.476661895	0.13707375526428223
0.47662880399999996	0.13707375526428223
0.476575166	0.13707375526428223
0.476550631	0.13707375526428223
0.47649195800000005	0.13707375526428223
0.476487796	0.13707375526428223
0.476450659	0.13707375526428223
0.47642242900000004	0.13707375526428223
0.47641538499999997	0.13707375526428223
0.476384099	0.13707375526428223
0.476382615	0.13707375526428223
0.476368674	0.13707375526428223
0.476370915	0.13707375526428223
0.47636052500000003	0.13707375526428223
0.476369285	0.13707375526428223
0.476373389	0.13707375526428223
0.476351182	0.13707375526428223
0.476373505	0.13707375526428223
0.476392481	0.13707375526428223
0.476410525	0.13707375526428223
0.476378918	0.13707375526428223
0.476341491	0.13707375526428223
0.47634512900000003	0.13707375526428223
0.47633919199999997	0.13707375526428223
0.476369984	0.13707375526428223
0.476334797	0.13707375526428223
0.476326328	0.13707375526428223
0.47628660100000003	0.13707375526428223
0.47629757300000003	0.13707375526428223
0.47629789299999997	0.13707375526428223
0.476272748	0.13707375526428223
0.476238551	0.13707375526428223
0.476185902	0.13707375526428223
0.47619463300000003	0.13707375526428223
0.47617391099999995	0.13707375526428223
0.47617554100000004	0.13707375526428223
0.47616745	0.13707375526428223
0.476129062	0.13707375526428223
0.47613645400000004	0.13707375526428223
0.476107467	0.13707375526428223
0.476114015	0.13707375526428223
0.47608293199999996	0.13707375526428223
0.476112909	0.13707375526428223
0.47610833999999996	0.13707375526428223
0.47611456799999996	0.13707375526428223
0.476119749	0.13707375526428223
0.476112298	0.13707375526428223
0.476132554	0.13707375526428223
0.476129411	0.13707375526428223
0.476141868	0.13707375526428223
0.476152665	0.13707375526428223
0.47612944	0.13707375526428223
0.47613741499999995	0.13707375526428223
0.47613584299999995	0.13707375526428223
0.47614163499999995	0.13707375526428223
0.47612041800000005	0.13707375526428223
0.476080255	0.13707375526428223
0.476033194	0.13707375526428223
0.476018642	0.13707375526428223
0.476030371	0.13707375526428223
0.47601157	0.13707375526428223
0.476020301	0.13707375526428223
0.475989276	0.13707375526428223
0.475975423	0.13707375526428223
0.47598898500000003	0.13707375526428223
0.475998298	0.13707375526428223
0.476028014	0.13707375526428223
0.476003799	0.13707375526428223
0.47600767	0.13707375526428223
0.476005458	0.13707375526428223
0.47600703	0.13707375526428223
0.47602481199999996	0.13707375526428223
0.475998211	0.13707375526428223
0.475993176	0.13707375526428223
0.47597536500000004	0.13707375526428223
0.475987705	0.13707375526428223
0.475993467	0.13707375526428223
0.47600542900000004	0.13707375526428223
0.475983426	0.13707375526428223
0.475979905	0.13707375526428223
0.47596447999999997	0.13707375526428223
0.47598473599999996	0.13707375526428223
0.475972163	0.13707375526428223
0.475974841	0.13707375526428223
0.475983194	0.13707375526428223
0.475968322	0.13707375526428223
0.47596765199999996	0.13707375526428223
0.47597830399999996	0.13707375526428223
0.475999608	0.13707375526428223
0.47598767599999997	0.13707375526428223
0.475971174	0.13707375526428223
0.475983048	0.13707375526428223
0.475971523	0.13707375526428223
0.475978944	0.13707375526428223
0.47595959	0.13707375526428223
0.475964393	0.13707375526428223
0.475949579	0.13707375526428223
0.475980225	0.13707375526428223
0.47600086	0.13707375526428223
0.475990586	0.13707375526428223
0.475989276	0.13707375526428223
0.475966954	0.13707375526428223
0.475988607	0.13707375526428223
0.475984794	0.13707375526428223
0.476011162	0.13707375526428223
0.476023502	0.13707375526428223
0.47600737899999995	0.13707375526428223
0.476030895	0.13707375526428223
0.476028014	0.13707375526428223
0.476048735	0.13707375526428223
0.476030284	0.13707375526428223
0.476023502	0.13707375526428223
0.476028014	0.13707375526428223
0.476026733	0.13707375526428223
0.47605735	0.13707375526428223
0.476062531	0.13707375526428223
0.476071524	0.13707375526428223
0.476068031	0.13707375526428223
0.476057408	0.13707375526428223
0.476076035	0.13707375526428223
0.476051995	0.13707375526428223
0.47607798500000004	0.13707375526428223
0.476050191	0.13707375526428223
0.476051267	0.13707375526428223
0.476042245	0.13707375526428223
0.47603770500000003	0.13707375526428223
0.47606419	0.13707375526428223
0.476050045	0.13707375526428223
0.476059242	0.13707375526428223
0.476040907	0.13707375526428223
0.476068992	0.13707375526428223
0.47605217	0.13707375526428223
0.47605580799999997	0.13707375526428223
0.476068642	0.13707375526428223
0.476056419	0.13707375526428223
0.47607807199999996	0.13707375526428223
0.47605796100000003	0.13707375526428223
0.476067653	0.13707375526428223
0.47605347899999995	0.13707375526428223
0.476061599	0.13707375526428223
0.476070301	0.13707375526428223
0.476061861	0.13707375526428223
0.47607708299999996	0.13707375526428223
0.476059999	0.13707375526428223
0.476075162	0.13707375526428223
0.476080895	0.13707375526428223
0.47607935300000004	0.13707375526428223
0.476096262	0.13707375526428223
0.47608249599999997	0.13707375526428223
0.476100715	0.13707375526428223
0.476089277	0.13707375526428223
0.47609582500000003	0.13707375526428223
0.476097717	0.13707375526428223
0.47610513899999996	0.13707375526428223
0.476109679	0.13707375526428223
0.476102286	0.13707375526428223
0.476115558	0.13707375526428223
0.476115703	0.13707375526428223
0.476133602	0.13707375526428223
0.4761155	0.13707375526428223
0.47610155899999995	0.13707375526428223
0.47613043000000005	0.13707375526428223
0.476106419	0.13707375526428223
0.4761077	0.13707375526428223
0.476092915	0.13707375526428223
0.476098416	0.13707375526428223
0.47608872399999996	0.13707375526428223
0.476100337	0.13707375526428223
0.47611005700000003	0.13707375526428223
0.476100307	0.13707375526428223
0.476104207	0.13707375526428223
0.476090645	0.13707375526428223
0.476106099	0.13707375526428223
0.476101704	0.13707375526428223
0.47611905000000004	0.13707375526428223
0.476134999	0.13707375526428223
0.476126763	0.13707375526428223
0.47616331700000003	0.13707375526428223
0.476158079	0.13707375526428223
0.476173183	0.13707375526428223
0.47616259	0.13707375526428223
0.476167159	0.13707375526428223
0.476181682	0.13707375526428223
0.47617682100000003	0.13707375526428223
0.476196554	0.13707375526428223
0.476190937	0.13707375526428223
0.476194517	0.13707375526428223
0.47617394	0.13707375526428223
0.47617711199999996	0.13707375526428223
0.476182933	0.13707375526428223
0.476185902	0.13707375526428223
0.476200134	0.13707375526428223
0.476180634	0.13707375526428223
0.47619227599999997	0.13707375526428223
0.476185814	0.13707375526428223
0.476198096	0.13707375526428223
0.47620781700000003	0.13707375526428223
0.47619993	0.13707375526428223
0.476198096	0.13707375526428223
0.476200745	0.13707375526428223
0.47623954	0.13707375526428223
0.476252346	0.13707375526428223
0.47624501199999997	0.13707375526428223
0.47623470900000003	0.13707375526428223
0.476238143	0.13707375526428223
0.476244633	0.13707375526428223
0.476240151	0.13707375526428223
0.476257206	0.13707375526428223
0.47624343999999996	0.13707375526428223
Power (dBm)
26.782260513535338