Power (mW)	Time (sek)
0.611473632	0.13826704025268555
0.611448835	0.13826704025268555
0.6114363199999999	0.13826704025268555
0.611444004	0.13826704025268555
0.611442432	0.13826704025268555
0.611440337	0.13826704025268555
0.6114214189999999	0.13826704025268555
0.6114419670000001	0.13826704025268555
0.611428171	0.13826704025268555
0.6114395220000001	0.13826704025268555
0.611419731	0.13826704025268555
0.61142206	0.13826704025268555
0.6114045969999999	0.13826704025268555
0.6114410929999999	0.13826704025268555
0.611438241	0.13826704025268555
0.6114507560000001	0.13826704025268555
0.61143178	0.13826704025268555
0.6114523279999999	0.13826704025268555
0.611455995	0.13826704025268555
0.6114546559999999	0.13826704025268555
0.611470838	0.13826704025268555
0.611474505	0.13826704025268555
0.611497497	0.13826704025268555
0.611484342	0.13826704025268555
0.6114775899999999	0.13826704025268555
0.611459778	0.13826704025268555
0.611456053	0.13826704025268555
0.611478521	0.13826704025268555
0.611457275	0.13826704025268555
0.611473748	0.13826704025268555
0.611473748	0.13826704025268555
0.611485331	0.13826704025268555
0.6115043649999999	0.13826704025268555
0.611464377	0.13826704025268555
0.611448602	0.13826704025268555
0.611427356	0.13826704025268555
0.611447787	0.13826704025268555
0.611421769	0.13826704025268555
0.611416996	0.13826704025268555
0.611421303	0.13826704025268555
0.611343596	0.13826704025268555
0.611284631	0.13826704025268555
0.611273397	0.13826704025268555
0.611230906	0.13826704025268555
0.611222	0.13826704025268555
0.6112916740000001	0.13826704025268555
0.611214782	0.13826704025268555
0.610715535	0.13826704025268555
0.6109197270000001	0.13826704025268555
0.610993593	0.13826704025268555
0.611072406	0.13826704025268555
0.611077878	0.13826704025268555
0.611106574	0.13826704025268555
0.611118507	0.13826704025268555
0.611114141	0.13826704025268555
0.611149124	0.13826704025268555
0.6111753759999999	0.13826704025268555
0.611237658	0.13826704025268555
0.6112291009999999	0.13826704025268555
0.611218391	0.13826704025268555
0.611179916	0.13826704025268555
0.6111682740000001	0.13826704025268555
0.611232186	0.13826704025268555
0.6112707199999999	0.13826704025268555
0.611223513	0.13826704025268555
0.6111895780000001	0.13826704025268555
0.611191499	0.13826704025268555
0.6112121629999999	0.13826704025268555
0.611228112	0.13826704025268555
0.611254363	0.13826704025268555
0.6111895780000001	0.13826704025268555
0.611194177	0.13826704025268555
0.6111794500000001	0.13826704025268555
0.611195923	0.13826704025268555
0.6111841069999999	0.13826704025268555
0.611154363	0.13826704025268555
0.611173862	0.13826704025268555
0.611161464	0.13826704025268555
0.611188938	0.13826704025268555
0.611167285	0.13826704025268555
0.611176074	0.13826704025268555
0.6111809629999999	0.13826704025268555
0.611169438	0.13826704025268555
0.611173513	0.13826704025268555
0.611164665	0.13826704025268555
0.611202267	0.13826704025268555
0.611212803	0.13826704025268555
0.611252908	0.13826704025268555
0.6112660630000001	0.13826704025268555
0.611228752	0.13826704025268555
0.611255702	0.13826704025268555
0.6112970879999999	0.13826704025268555
0.6113136189999999	0.13826704025268555
0.6113052950000001	0.13826704025268555
0.611295807	0.13826704025268555
0.611319207	0.13826704025268555
0.611338764	0.13826704025268555
0.611393654	0.13826704025268555
0.61135256	0.13826704025268555
0.611367694	0.13826704025268555
0.6113637940000001	0.13826704025268555
0.611382653	0.13826704025268555
0.611360359	0.13826704025268555
0.611334865	0.13826704025268555
0.611331663	0.13826704025268555
0.611325493	0.13826704025268555
0.611343945	0.13826704025268555
0.611318857	0.13826704025268555
0.611299765	0.13826704025268555
0.6112750849999999	0.13826704025268555
0.611250987	0.13826704025268555
0.611279684	0.13826704025268555
0.611266703	0.13826704025268555
0.61124796	0.13826704025268555
0.6112163540000001	0.13826704025268555
0.611255935	0.13826704025268555
0.611268682	0.13826704025268555
0.611273572	0.13826704025268555
0.611294294	0.13826704025268555
0.611279334	0.13826704025268555
0.611305237	0.13826704025268555
0.6113220589999999	0.13826704025268555
0.611317577	0.13826704025268555
0.611337484	0.13826704025268555
0.611334573	0.13826704025268555
0.611355179	0.13826704025268555
0.611342257	0.13826704025268555
0.6113495330000001	0.13826704025268555
0.611355528	0.13826704025268555
0.611371361	0.13826704025268555
0.61136944	0.13826704025268555
0.611360359	0.13826704025268555
0.6113742710000001	0.13826704025268555
0.61135838	0.13826704025268555
0.611371011	0.13826704025268555
0.611338997	0.13826704025268555
0.611341384	0.13826704025268555
0.61132526	0.13826704025268555
0.6112948760000001	0.13826704025268555
0.611316471	0.13826704025268555
0.611303316	0.13826704025268555
0.611292315	0.13826704025268555
0.611268159	0.13826704025268555
0.61127852	0.13826704025268555
0.61127753	0.13826704025268555
0.611291267	0.13826704025268555
0.611301395	0.13826704025268555
0.6112700790000001	0.13826704025268555
0.611295516	0.13826704025268555
0.611308555	0.13826704025268555
0.611314026	0.13826704025268555
0.6113136189999999	0.13826704025268555
0.611304131	0.13826704025268555
0.61131746	0.13826704025268555
0.6113200799999999	0.13826704025268555
0.6113416749999999	0.13826704025268555
0.6113467969999999	0.13826704025268555
0.6113701970000001	0.13826704025268555
0.611390511	0.13826704025268555
0.611372001	0.13826704025268555
0.611397321	0.13826704025268555
0.611416064	0.13826704025268555
0.611445925	0.13826704025268555
0.611430209	0.13826704025268555
0.6114668790000001	0.13826704025268555
0.611456169	0.13826704025268555
0.611446041	0.13826704025268555
0.6114591960000001	0.13826704025268555
0.611460884	0.13826704025268555
0.611458498	0.13826704025268555
0.611414551	0.13826704025268555
0.611429045	0.13826704025268555
0.611422001	0.13826704025268555
0.6113878330000001	0.13826704025268555
0.6113721169999999	0.13826704025268555
0.6113420239999999	0.13826704025268555
0.611342082	0.13826704025268555
0.611332012	0.13826704025268555
0.611325901	0.13826704025268555
0.6113132689999999	0.13826704025268555
0.611297204	0.13826704025268555
0.61131682	0.13826704025268555
0.611306517	0.13826704025268555
0.611334341	0.13826704025268555
0.611332012	0.13826704025268555
0.611338182	0.13826704025268555
0.6113394050000001	0.13826704025268555
0.6113525009999999	0.13826704025268555
0.611386786	0.13826704025268555
0.611386437	0.13826704025268555
0.611410011	0.13826704025268555
0.611425552	0.13826704025268555
0.611417869	0.13826704025268555
0.611443771	0.13826704025268555
0.6114367860000001	0.13826704025268555
0.611456984	0.13826704025268555
0.611444702	0.13826704025268555
0.6114590799999999	0.13826704025268555
0.611441734	0.13826704025268555
0.611464144	0.13826704025268555
0.611469091	0.13826704025268555
0.6114591960000001	0.13826704025268555
0.6114522689999999	0.13826704025268555
0.611456577	0.13826704025268555
0.6114720020000001	0.13826704025268555
0.611447671	0.13826704025268555
0.611442083	0.13826704025268555
0.611437834	0.13826704025268555
0.611414958	0.13826704025268555
0.61141327	0.13826704025268555
0.6114062269999999	0.13826704025268555
0.611416064	0.13826704025268555
0.611371535	0.13826704025268555
0.611388823	0.13826704025268555
0.6113741549999999	0.13826704025268555
0.611379452	0.13826704025268555
0.611366762	0.13826704025268555
0.611344585	0.13826704025268555
0.611358788	0.13826704025268555
0.611340976	0.13826704025268555
0.611357158	0.13826704025268555
0.611356867	0.13826704025268555
0.611337135	0.13826704025268555
0.611347146	0.13826704025268555
0.61133079	0.13826704025268555
0.611347787	0.13826704025268555
0.611345575	0.13826704025268555
0.611351745	0.13826704025268555
0.611367228	0.13826704025268555
0.611350639	0.13826704025268555
0.611366297	0.13826704025268555
0.611381372	0.13826704025268555
0.6114047140000001	0.13826704025268555
0.611393945	0.13826704025268555
0.611401396	0.13826704025268555
0.611409836	0.13826704025268555
0.611409778	0.13826704025268555
0.61143568	0.13826704025268555
0.611420779	0.13826704025268555
0.611396681	0.13826704025268555
0.611379743	0.13826704025268555
0.61137334	0.13826704025268555
0.611383002	0.13826704025268555
0.611357798	0.13826704025268555
0.6113538980000001	0.13826704025268555
0.611338182	0.13826704025268555
0.611336611	0.13826704025268555
0.6113179839999999	0.13826704025268555
0.6113377750000001	0.13826704025268555
0.611313328	0.13826704025268555
0.611316238	0.13826704025268555
0.611317053	0.13826704025268555
0.6113352719999999	0.13826704025268555
0.61131746	0.13826704025268555
0.611329917	0.13826704025268555
0.6113295679999999	0.13826704025268555
0.611317111	0.13826704025268555
0.611300697	0.13826704025268555
0.611323921	0.13826704025268555
0.611355877	0.13826704025268555
0.6113345149999999	0.13826704025268555
0.611341384	0.13826704025268555
0.611344352	0.13826704025268555
0.611359428	0.13826704025268555
0.611386902	0.13826704025268555
0.611374737	0.13826704025268555
0.6113765409999999	0.13826704025268555
0.611351745	0.13826704025268555
0.611383584	0.13826704025268555
0.611366006	0.13826704025268555
0.6113522100000001	0.13826704025268555
0.611351919	0.13826704025268555
0.611344818	0.13826704025268555
0.611347496	0.13826704025268555
0.6113392879999999	0.13826704025268555
0.6113467969999999	0.13826704025268555
0.611340336	0.13826704025268555
0.611323281	0.13826704025268555
0.611322292	0.13826704025268555
0.611329509	0.13826704025268555
0.611338415	0.13826704025268555
0.6113325940000001	0.13826704025268555
0.611345225	0.13826704025268555
0.611349999	0.13826704025268555
0.61132526	0.13826704025268555
0.611339114	0.13826704025268555
0.611336436	0.13826704025268555
0.61136228	0.13826704025268555
0.6113357380000001	0.13826704025268555
0.611341617	0.13826704025268555
0.611335156	0.13826704025268555
0.6113441780000001	0.13826704025268555
0.611359486	0.13826704025268555
0.6113420239999999	0.13826704025268555
0.611366762	0.13826704025268555
0.611346914	0.13826704025268555
0.611368043	0.13826704025268555
0.611362339	0.13826704025268555
0.6113863780000001	0.13826704025268555
0.611345633	0.13826704025268555
Power (dBm)
27.862820135730622