Power (mW)	Time (sek)
0.485590252	0.13872480392456055
0.485592172	0.13872480392456055
0.485593599	0.13872480392456055
0.485585915	0.13872480392456055
0.485595665	0.13872480392456055
0.48556723	0.13872480392456055
0.48558271399999997	0.13872480392456055
0.485566386	0.13872480392456055
0.48558399399999996	0.13872480392456055
0.485580444	0.13872480392456055
0.485580822	0.13872480392456055
0.48557884300000004	0.13872480392456055
0.485575321	0.13872480392456055
0.485582103	0.13872480392456055
0.485592172	0.13872480392456055
0.485625758	0.13872480392456055
0.485604454	0.13872480392456055
0.485610595	0.13872480392456055
0.485590193	0.13872480392456055
0.48561987900000003	0.13872480392456055
0.485627301	0.13872480392456055
0.48560890700000003	0.13872480392456055
0.48561953	0.13872480392456055
0.485608529	0.13872480392456055
0.485625322	0.13872480392456055
0.485605968	0.13872480392456055
0.48561595	0.13872480392456055
0.485619821	0.13872480392456055
0.485604658	0.13872480392456055
0.48562052	0.13872480392456055
0.485589204	0.13872480392456055
0.487817742	0.13872480392456055
0.48983306600000004	0.13872480392456055
0.491629413	0.13872480392456055
0.49349822800000004	0.13872480392456055
0.49569690599999994	0.13872480392456055
0.497064262	0.13872480392456055
0.497455534	0.13872480392456055
0.498072419	0.13872480392456055
0.49877347199999994	0.13872480392456055
0.49909576800000005	0.13872480392456055
0.49899425399999997	0.13872480392456055
0.4991389	0.13872480392456055
0.49969868300000003	0.13872480392456055
0.499642454	0.13872480392456055
0.497769681	0.13872480392456055
0.49225566899999995	0.13872480392456055
0.488199119	0.13872480392456055
0.487611949	0.13872480392456055
0.487296464	0.13872480392456055
0.487092271	0.13872480392456055
0.486917183	0.13872480392456055
0.486870384	0.13872480392456055
0.48681002199999995	0.13872480392456055
0.486729026	0.13872480392456055
0.486654433	0.13872480392456055
0.486568868	0.13872480392456055
0.486527628	0.13872480392456055
0.48648496199999997	0.13872480392456055
0.486467907	0.13872480392456055
0.48641560699999997	0.13872480392456055
0.486375182	0.13872480392456055
0.48635780700000003	0.13872480392456055
0.486336823	0.13872480392456055
0.48634005399999997	0.13872480392456055
0.486288511	0.13872480392456055
0.486276433	0.13872480392456055
0.486237463	0.13872480392456055
0.486214762	0.13872480392456055
0.486214529	0.13872480392456055
0.48617128	0.13872480392456055
0.486166711	0.13872480392456055
0.486132427	0.13872480392456055
0.486134377	0.13872480392456055
0.486113364	0.13872480392456055
0.48610568000000004	0.13872480392456055
0.4860927	0.13872480392456055
0.486060482	0.13872480392456055
0.486053701	0.13872480392456055
0.486027537	0.13872480392456055
0.48599234999999996	0.13872480392456055
0.485977856	0.13872480392456055
0.48596554599999997	0.13872480392456055
0.485963683	0.13872480392456055
0.485946541	0.13872480392456055
0.485935569	0.13872480392456055
0.485894532	0.13872480392456055
0.485915865	0.13872480392456055
0.485893543	0.13872480392456055
0.485898723	0.13872480392456055
0.485899713	0.13872480392456055
0.485892553	0.13872480392456055
0.485907163	0.13872480392456055
0.485886441	0.13872480392456055
0.48589267	0.13872480392456055
0.485880882	0.13872480392456055
0.485892611	0.13872480392456055
0.48589680199999996	0.13872480392456055
0.48588315299999996	0.13872480392456055
0.485887809	0.13872480392456055
0.48587805900000003	0.13872480392456055
0.485910976	0.13872480392456055
0.48589194199999997	0.13872480392456055
0.48589686000000004	0.13872480392456055
0.485899072	0.13872480392456055
0.485860684	0.13872480392456055
0.48588614999999996	0.13872480392456055
0.48586030599999996	0.13872480392456055
0.485862343	0.13872480392456055
0.485839031	0.13872480392456055
0.48582287900000004	0.13872480392456055
0.485839671	0.13872480392456055
0.48582998	0.13872480392456055
0.48583713900000003	0.13872480392456055
0.485821918	0.13872480392456055
0.485833938	0.13872480392456055
0.485810335	0.13872480392456055
0.48580908300000003	0.13872480392456055
0.485815137	0.13872480392456055
0.48579491	0.13872480392456055
0.485804892	0.13872480392456055
0.48577680700000003	0.13872480392456055
0.48579022400000005	0.13872480392456055
0.48578882700000003	0.13872480392456055
0.485784491	0.13872480392456055
0.485790573	0.13872480392456055
0.48578807	0.13872480392456055
0.485800265	0.13872480392456055
0.48577479900000003	0.13872480392456055
0.485780009	0.13872480392456055
0.485773198	0.13872480392456055
0.48578280300000004	0.13872480392456055
0.485810684	0.13872480392456055
0.48578548	0.13872480392456055
0.485820929	0.13872480392456055
0.485784491	0.13872480392456055
0.485804543	0.13872480392456055
0.48579354199999997	0.13872480392456055
0.485783792	0.13872480392456055
0.485781959	0.13872480392456055
0.485768018	0.13872480392456055
0.48576679500000003	0.13872480392456055
0.48575416400000004	0.13872480392456055
0.485777622	0.13872480392456055
0.485753233	0.13872480392456055
0.48574089299999995	0.13872480392456055
0.485744473	0.13872480392456055
0.48572383799999996	0.13872480392456055
0.485739991	0.13872480392456055
0.485736411	0.13872480392456055
0.485741504	0.13872480392456055
0.485747471	0.13872480392456055
0.485731667	0.13872480392456055
0.485743192	0.13872480392456055
0.48572869900000004	0.13872480392456055
0.485738681	0.13872480392456055
0.485712546	0.13872480392456055
0.485717348	0.13872480392456055
0.485690834	0.13872480392456055
0.485713856	0.13872480392456055
0.485727971	0.13872480392456055
0.48574325	0.13872480392456055
0.485741184	0.13872480392456055
0.48575704599999997	0.13872480392456055
0.48572893100000003	0.13872480392456055
0.485730561	0.13872480392456055
0.485750556	0.13872480392456055
0.48573448999999996	0.13872480392456055
0.48574295900000003	0.13872480392456055
0.48573448999999996	0.13872480392456055
0.485760276	0.13872480392456055
0.485739933	0.13872480392456055
0.485759345	0.13872480392456055
0.48577474099999995	0.13872480392456055
0.485748285	0.13872480392456055
0.485756464	0.13872480392456055
0.48572477	0.13872480392456055
0.485727476	0.13872480392456055
0.485706696	0.13872480392456055
0.485714787	0.13872480392456055
0.485737721	0.13872480392456055
0.485712721	0.13872480392456055
0.485697034	0.13872480392456055
0.485677359	0.13872480392456055
0.485686061	0.13872480392456055
0.485656376	0.13872480392456055
0.485659664	0.13872480392456055
0.48566149799999997	0.13872480392456055
0.485641765	0.13872480392456055
0.485659315	0.13872480392456055
0.485630182	0.13872480392456055
0.485645724	0.13872480392456055
0.48562430300000003	0.13872480392456055
0.48561341799999996	0.13872480392456055
0.485628814	0.13872480392456055
0.485620199	0.13872480392456055
0.485643133	0.13872480392456055
0.485638564	0.13872480392456055
0.485646946	0.13872480392456055
0.48563987399999997	0.13872480392456055
0.485629513	0.13872480392456055
0.485626922	0.13872480392456055
0.485637021	0.13872480392456055
0.485645753	0.13872480392456055
0.485629193	0.13872480392456055
0.485646946	0.13872480392456055
0.485640572	0.13872480392456055
0.485630851	0.13872480392456055
0.485659228	0.13872480392456055
0.48563059	0.13872480392456055
0.485641765	0.13872480392456055
0.485623401	0.13872480392456055
0.485633762	0.13872480392456055
0.485612138	0.13872480392456055
0.485601457	0.13872480392456055
0.485609547	0.13872480392456055
0.48559496599999996	0.13872480392456055
0.485609227	0.13872480392456055
0.48559240499999995	0.13872480392456055
0.485600904	0.13872480392456055
0.48559467500000003	0.13872480392456055
0.48559400599999997	0.13872480392456055
0.485615397	0.13872480392456055
0.485604221	0.13872480392456055
0.48559400599999997	0.13872480392456055
0.485578523	0.13872480392456055
0.485592172	0.13872480392456055
0.485578523	0.13872480392456055
0.48559252199999997	0.13872480392456055
0.485591852	0.13872480392456055
0.485565717	0.13872480392456055
0.48557602	0.13872480392456055
0.485569617	0.13872480392456055
0.48558865100000004	0.13872480392456055
0.485576689	0.13872480392456055
0.485583383	0.13872480392456055
0.48557343000000003	0.13872480392456055
0.485560216	0.13872480392456055
0.485561468	0.13872480392456055
0.485547207	0.13872480392456055
0.485557248	0.13872480392456055
0.485536235	0.13872480392456055
0.485540804	0.13872480392456055
0.485537283	0.13872480392456055
0.48552791100000003	0.13872480392456055
0.485540804	0.13872480392456055
0.485522993	0.13872480392456055
0.485519093	0.13872480392456055
0.485518191	0.13872480392456055
0.485516211	0.13872480392456055
0.485539756	0.13872480392456055
0.485529832	0.13872480392456055
0.485528464	0.13872480392456055
0.48553792300000004	0.13872480392456055
0.485552388	0.13872480392456055
0.485544704	0.13872480392456055
0.485549186	0.13872480392456055
0.48555855800000003	0.13872480392456055
0.485556346	0.13872480392456055
0.485570752	0.13872480392456055
0.485552766	0.13872480392456055
0.485558849	0.13872480392456055
0.485549273	0.13872480392456055
0.48554665399999997	0.13872480392456055
0.485562079	0.13872480392456055
0.485560857	0.13872480392456055
0.48557439	0.13872480392456055
0.485556899	0.13872480392456055
0.485577621	0.13872480392456055
0.48557927900000003	0.13872480392456055
0.485572731	0.13872480392456055
0.485583703	0.13872480392456055
0.48556053699999996	0.13872480392456055
0.485564728	0.13872480392456055
0.485528464	0.13872480392456055
0.485546829	0.13872480392456055
0.485517492	0.13872480392456055
0.485523051	0.13872480392456055
0.485504628	0.13872480392456055
0.485496916	0.13872480392456055
0.485488825	0.13872480392456055
0.485492725	0.13872480392456055
0.485478115	0.13872480392456055
0.485471392	0.13872480392456055
0.4854656	0.13872480392456055
0.48545689799999997	0.13872480392456055
0.485456549	0.13872480392456055
0.485454337	0.13872480392456055
0.48545652	0.13872480392456055
0.485461962	0.13872480392456055
0.48545227	0.13872480392456055
0.485453638	0.13872480392456055
0.485447847	0.13872480392456055
0.485457073	0.13872480392456055
0.485445169	0.13872480392456055
0.485451281	0.13872480392456055
0.485424593	0.13872480392456055
0.485432683	0.13872480392456055
0.48544487799999997	0.13872480392456055
0.485429337	0.13872480392456055
Power (dBm)
26.86913753177255