Power (mW)	Time (sek)
0.608105212	0.13796186447143555
0.608101313	0.13796186447143555
0.608106726	0.13796186447143555
0.608107192	0.13796186447143555
0.608104921	0.13796186447143555
0.6080751769999999	0.13796186447143555
0.608083559	0.13796186447143555
0.608072616	0.13796186447143555
0.6080587049999999	0.13796186447143555
0.608051021	0.13796186447143555
0.608044851	0.13796186447143555
0.608042232	0.13796186447143555
0.6080632450000001	0.13796186447143555
0.6080672610000001	0.13796186447143555
0.608077215	0.13796186447143555
0.6080452590000001	0.13796186447143555
0.60807413	0.13796186447143555
0.6080492750000001	0.13796186447143555
0.608054921	0.13796186447143555
0.60808548	0.13796186447143555
0.6080764580000001	0.13796186447143555
0.608082803	0.13796186447143555
0.608065922	0.13796186447143555
0.608082628	0.13796186447143555
0.6080627209999999	0.13796186447143555
0.6080688910000001	0.13796186447143555
0.608055212	0.13796186447143555
0.608043047	0.13796186447143555
0.608065049	0.13796186447143555
0.608052593	0.13796186447143555
0.608044502	0.13796186447143555
0.608026166	0.13796186447143555
0.6080322779999999	0.13796186447143555
0.608062604	0.13796186447143555
0.60805073	0.13796186447143555
0.608076574	0.13796186447143555
0.60807023	0.13796186447143555
0.608091708	0.13796186447143555
0.608075294	0.13796186447143555
0.607773371	0.13796186447143555
0.607396651	0.13796186447143555
0.607083552	0.13796186447143555
0.607068127	0.13796186447143555
0.607039896	0.13796186447143555
0.6070820960000001	0.13796186447143555
0.607308175	0.13796186447143555
0.607847935	0.13796186447143555
0.607843976	0.13796186447143555
0.607898866	0.13796186447143555
0.607925118	0.13796186447143555
0.607927446	0.13796186447143555
0.607950671	0.13796186447143555
0.607954396	0.13796186447143555
0.6079602169999999	0.13796186447143555
0.6079680749999999	0.13796186447143555
0.607940601	0.13796186447143555
0.607951602	0.13796186447143555
0.607947703	0.13796186447143555
0.607972848	0.13796186447143555
0.6079563170000001	0.13796186447143555
0.607953116	0.13796186447143555
0.607964874	0.13796186447143555
0.607964059	0.13796186447143555
0.6079650480000001	0.13796186447143555
0.607948285	0.13796186447143555
0.607949216	0.13796186447143555
0.607920811	0.13796186447143555
0.607923546	0.13796186447143555
0.607925293	0.13796186447143555
0.607922266	0.13796186447143555
0.6079157470000001	0.13796186447143555
0.607901427	0.13796186447143555
0.6078957810000001	0.13796186447143555
0.607885071	0.13796186447143555
0.607877912	0.13796186447143555
0.607905269	0.13796186447143555
0.607885595	0.13796186447143555
0.607897062	0.13796186447143555
0.607880298	0.13796186447143555
0.607876689	0.13796186447143555
0.607873488	0.13796186447143555
0.607854687	0.13796186447143555
0.607854221	0.13796186447143555
0.607847353	0.13796186447143555
0.6078740119999999	0.13796186447143555
0.6078396110000001	0.13796186447143555
0.607853755	0.13796186447143555
0.607841823	0.13796186447143555
0.607824186	0.13796186447143555
0.607844151	0.13796186447143555
0.607824943	0.13796186447143555
0.6078375149999999	0.13796186447143555
0.607796945	0.13796186447143555
0.607816095	0.13796186447143555
0.607791007	0.13796186447143555
0.607804104	0.13796186447143555
0.607799797	0.13796186447143555
0.6077726720000001	0.13796186447143555
0.607776339	0.13796186447143555
0.607767783	0.13796186447143555
0.607765978	0.13796186447143555
0.607776572	0.13796186447143555
0.607745547	0.13796186447143555
0.6077446160000001	0.13796186447143555
0.6077336729999999	0.13796186447143555
0.607753405	0.13796186447143555
0.607726455	0.13796186447143555
0.6077463040000001	0.13796186447143555
0.607728784	0.13796186447143555
0.607724476	0.13796186447143555
0.607725291	0.13796186447143555
0.6077142320000001	0.13796186447143555
0.607702706	0.13796186447143555
0.607683673	0.13796186447143555
0.607693044	0.13796186447143555
0.607687572	0.13796186447143555
0.607688213	0.13796186447143555
0.607701135	0.13796186447143555
0.607678783	0.13796186447143555
0.60767401	0.13796186447143555
0.607664639	0.13796186447143555
0.60767238	0.13796186447143555
0.607649738	0.13796186447143555
0.607637689	0.13796186447143555
0.607622322	0.13796186447143555
0.6076103890000001	0.13796186447143555
0.6076227289999999	0.13796186447143555
0.607592112	0.13796186447143555
0.607605325	0.13796186447143555
0.607587514	0.13796186447143555
0.607573951	0.13796186447143555
0.607586058	0.13796186447143555
0.6075924030000001	0.13796186447143555
0.607594207	0.13796186447143555
0.607583032	0.13796186447143555
0.607582449	0.13796186447143555
0.607569527	0.13796186447143555
0.607559341	0.13796186447143555
0.6075646960000001	0.13796186447143555
0.6075465940000001	0.13796186447143555
0.6075450800000001	0.13796186447143555
0.607531576	0.13796186447143555
0.607538037	0.13796186447143555
0.607522146	0.13796186447143555
0.607536058	0.13796186447143555
0.607531227	0.13796186447143555
0.607518712	0.13796186447143555
0.6075263949999999	0.13796186447143555
0.6075263949999999	0.13796186447143555
0.607520866	0.13796186447143555
0.6075108539999999	0.13796186447143555
0.607502705	0.13796186447143555
0.607504859	0.13796186447143555
0.607484719	0.13796186447143555
0.607506663	0.13796186447143555
0.607491122	0.13796186447143555
0.607482565	0.13796186447143555
0.60748792	0.13796186447143555
0.607472146	0.13796186447143555
0.6074844279999999	0.13796186447143555
0.607468712	0.13796186447143555
0.607471855	0.13796186447143555
0.60745189	0.13796186447143555
0.607452297	0.13796186447143555
0.607434486	0.13796186447143555
0.6074311680000001	0.13796186447143555
0.607450551	0.13796186447143555
0.607420865	0.13796186447143555
0.607424823	0.13796186447143555
0.6074043920000001	0.13796186447143555
0.6074082919999999	0.13796186447143555
0.607409514	0.13796186447143555
0.6073985709999999	0.13796186447143555
0.607409223	0.13796186447143555
0.6074195840000001	0.13796186447143555
0.607412541	0.13796186447143555
0.6074026459999999	0.13796186447143555
0.607418944	0.13796186447143555
0.607409282	0.13796186447143555
0.607405265	0.13796186447143555
0.607423077	0.13796186447143555
0.607408932	0.13796186447143555
0.6074392590000001	0.13796186447143555
0.607435359	0.13796186447143555
0.607433787	0.13796186447143555
0.607434136	0.13796186447143555
0.60742849	0.13796186447143555
0.60745154	0.13796186447143555
0.607438211	0.13796186447143555
0.607449387	0.13796186447143555
0.607441238	0.13796186447143555
0.607427326	0.13796186447143555
0.607435999	0.13796186447143555
0.607431692	0.13796186447143555
0.60743792	0.13796186447143555
0.607426453	0.13796186447143555
0.6074405390000001	0.13796186447143555
0.607423135	0.13796186447143555
0.607430178	0.13796186447143555
0.6074235429999999	0.13796186447143555
0.607414113	0.13796186447143555
0.6074263369999999	0.13796186447143555
0.607415684	0.13796186447143555
0.607426919	0.13796186447143555
0.607416383	0.13796186447143555
0.607423775	0.13796186447143555
0.60740934	0.13796186447143555
0.60739537	0.13796186447143555
0.607399154	0.13796186447143555
0.607386057	0.13796186447143555
0.6073921689999999	0.13796186447143555
0.607380818	0.13796186447143555
0.607382157	0.13796186447143555
0.607370806	0.13796186447143555
0.607375463	0.13796186447143555
0.6073786059999999	0.13796186447143555
0.607388152	0.13796186447143555
0.607398397	0.13796186447143555
0.6073897819999999	0.13796186447143555
0.6073842519999999	0.13796186447143555
0.607382855	0.13796186447143555
0.607380818	0.13796186447143555
0.6073895490000001	0.13796186447143555
0.6073783150000001	0.13796186447143555
0.607386464	0.13796186447143555
0.607381167	0.13796186447143555
0.607385999	0.13796186447143555
0.6073890249999999	0.13796186447143555
0.607377617	0.13796186447143555
0.6073806429999999	0.13796186447143555
0.607370806	0.13796186447143555
0.607356254	0.13796186447143555
0.60734729	0.13796186447143555
0.607345195	0.13796186447143555
0.607351889	0.13796186447143555
0.607352646	0.13796186447143555
0.6073634139999999	0.13796186447143555
0.607378199	0.13796186447143555
0.6073934489999999	0.13796186447143555
0.60740608	0.13796186447143555
0.6074112030000001	0.13796186447143555
0.6074086409999999	0.13796186447143555
0.607407943	0.13796186447143555
0.607416383	0.13796186447143555
0.607405731	0.13796186447143555
0.60744182	0.13796186447143555
0.607454509	0.13796186447143555
0.607467431	0.13796186447143555
0.607472786	0.13796186447143555
0.607463124	0.13796186447143555
0.607466383	0.13796186447143555
0.6074499689999999	0.13796186447143555
0.607463473	0.13796186447143555
0.6074676640000001	0.13796186447143555
0.6074704580000001	0.13796186447143555
0.607465045	0.13796186447143555
0.607455731	0.13796186447143555
0.607457652	0.13796186447143555
0.607454975	0.13796186447143555
0.607454684	0.13796186447143555
0.607442227	0.13796186447143555
0.6074291890000001	0.13796186447143555
0.60742459	0.13796186447143555
0.607426977	0.13796186447143555
0.607425871	0.13796186447143555
0.6074049739999999	0.13796186447143555
0.6074066619999999	0.13796186447143555
0.6074047410000001	0.13796186447143555
0.607388269	0.13796186447143555
0.6073895490000001	0.13796186447143555
0.607372494	0.13796186447143555
0.6073783150000001	0.13796186447143555
0.607389258	0.13796186447143555
0.6073918189999999	0.13796186447143555
0.607414695	0.13796186447143555
0.607418304	0.13796186447143555
0.607428723	0.13796186447143555
0.607435359	0.13796186447143555
0.6074509	0.13796186447143555
0.6074396080000001	0.13796186447143555
0.607449329	0.13796186447143555
0.60744182	0.13796186447143555
0.607452879	0.13796186447143555
0.6074601550000001	0.13796186447143555
0.607489841	0.13796186447143555
0.607516966	0.13796186447143555
0.6075361739999999	0.13796186447143555
0.607534836	0.13796186447143555
0.607526803	0.13796186447143555
0.607526104	0.13796186447143555
0.607526337	0.13796186447143555
0.6075145209999999	0.13796186447143555
0.607512426	0.13796186447143555
0.607512542	0.13796186447143555
0.607526337	0.13796186447143555
0.607518246	0.13796186447143555
0.607509981	0.13796186447143555
0.607508875	0.13796186447143555
0.607500202	0.13796186447143555
0.607509457	0.13796186447143555
Power (dBm)
27.8363646727679