Power (mW)	Time (sek)
0.421676785	0.10678625106811523
0.42166031200000004	0.1416642665863037
0.421695469	0.17322850227355957
0.421698409	0.21183490753173828
0.42167876400000004	0.24055695533752441
0.42170551	0.2731211185455322
0.42171776299999997	0.3231995105743408
0.42170795499999997	0.373734712600708
0.421725854	0.42519092559814453
0.421677716	0.4735705852508545
0.421737466	0.5104467868804932
0.42169643	0.5411715507507324
0.4217143	0.5737998485565186
0.42172061499999997	0.6255795955657959
0.42170193	0.6808679103851318
0.421721285	0.7261428833007812
0.42168959	0.773287296295166
0.42171002100000005	0.8074889183044434
0.42167832699999996	0.8399419784545898
0.421711709	0.8737905025482178
0.421735866	0.9260761737823486
0.421692879	0.9736909866333008
0.421687088	1.0236914157867432
0.42168493399999996	1.0730578899383545
0.421715871	1.1069633960723877
0.42170580100000005	1.1424479484558105
0.421716803	1.176661729812622
0.421704201	1.223686695098877
0.42167739600000004	1.2732315063476562
0.42170065	1.3236117362976074
0.421686098	1.3731675148010254
0.421691948	1.4081158638000488
0.421685545	1.4405453205108643
0.42169934	1.4784934520721436
0.421684235	1.5235774517059326
0.42623997399999997	1.5777294635772705
0.43283225399999997	1.6230897903442383
0.434189627	1.6732993125915527
0.41787445700000003	1.706272840499878
0.406305713	1.7401609420776367
0.373074232	1.7753262519836426
0.350167014	1.822911262512207
0.334782293	1.8813467025756836
0.268702512	1.9231219291687012
0.20533590599999998	1.973651647567749
0.173815613	2.006129264831543
0.160873751	2.0401768684387207
0.15463751299999998	2.083554983139038
0.14928993200000001	2.1315603256225586
0.156528506	2.1734697818756104
0.164720957	2.2330620288848877
0.165253587	2.2745444774627686
0.162120792	2.3092288970947266
0.157140224	2.3401310443878174
0.153505753	2.3748936653137207
0.154696565	2.429288148880005
0.160066775	2.47318434715271
0.163455581	2.5225648880004883
0.164315512	2.573143243789673
0.16797610400000001	2.6100876331329346
0.16940714	2.639578104019165
0.16939675	2.6758522987365723
0.168805738	2.724787712097168
0.168879647	2.782803535461426
0.16895005	2.8283913135528564
0.168937797	2.8732264041900635
0.169266394	2.9067587852478027
0.169291539	2.939720869064331
0.169783845	2.9734768867492676
0.17099657299999999	3.0309998989105225
0.173554508	3.078246593475342
0.175848763	3.1268863677978516
0.177645416	3.1826510429382324
0.179386319	3.2128875255584717
0.181123643	3.243560552597046
0.187783749	3.282972812652588
0.20961854900000002	3.327714204788208
0.23650983299999997	3.3725388050079346
0.25380606499999997	3.422799587249756
0.31478444	3.480748414993286
0.414269045	3.506502628326416
0.435053429	3.540174722671509
0.439588912	3.582707166671753
0.439055904	3.623215675354004
0.439307361	3.6727523803710938
0.439899421	3.731969118118286
0.439738971	3.7777819633483887
0.439954281	3.8061773777008057
0.44006825200000005	3.840169906616211
0.440131233	3.877678871154785
0.44002011399999996	3.9230337142944336
0.43928923	3.983814239501953
0.439086551	4.022873163223267
0.437749375	4.083195209503174
0.435393944	4.105971574783325
0.432281813	4.1399595737457275
0.429680425	4.173255205154419
0.427452091	4.231400966644287
0.423723628	4.273113012313843
0.42418370099999997	4.322591066360474
0.422249723	4.373283624649048
0.42283017	4.41167950630188
0.42267772400000003	4.4395105838775635
0.42261867200000003	4.480833292007446
0.422615762	4.528105735778809
0.422581012	4.573193073272705
0.422576442	4.6274096965789795
0.422545738	4.680697679519653
0.422553538	4.706252098083496
0.422526762	4.742064476013184
0.42252920699999996	4.783191680908203
0.422562589	4.8227760791778564
0.422527373	4.872778415679932
0.422524172	4.931535482406616
0.422490644	4.980472087860107
0.422500569	5.0107409954071045
0.422478624	5.040435075759888
0.422487326	5.082872629165649
0.422483805	5.131103515625
0.422426936	5.182835340499878
0.422441197	5.2230119705200195
0.42240574799999997	5.272901773452759
0.422403042	5.306463241577148
0.422380836	5.3399858474731445
0.422392302	5.3782525062561035
0.42239495099999996	5.423734426498413
0.422366662	5.481173276901245
0.42239207	5.5316407680511475
0.42235845499999997	5.582511901855469
0.422382378	5.612939834594727
0.422351382	5.643107175827026
0.42237047499999997	5.6806700229644775
0.422368204	5.723168611526489
0.42234372800000003	5.781138181686401
0.422350131	5.823044300079346
0.422343001	5.880823373794556
0.422348181	5.9059226512908936
0.422342448	5.939789772033691
0.422350742	5.983434677124023
0.422366662	6.022796392440796
0.422330777	6.072950601577759
0.42234498	6.131923675537109
0.422318844	6.17315149307251
0.422347861	6.205679178237915
0.422318088	6.24323034286499
0.42235959	6.273196458816528
0.422354322	6.322777032852173
0.422326528	6.383618593215942
0.422333629	6.4223973751068115
0.422316924	6.473108768463135
0.422358222	6.511291980743408
0.422348181	6.539400815963745
0.422361365	6.57299280166626
0.422347861	6.626307964324951
0.422325014	6.681178331375122
0.422351121	6.731790542602539
0.422319805	6.782878160476685
0.422352372	6.806127309799194
0.422310695	6.839064121246338
0.422332319	6.873992919921875
0.42233621899999996	6.9229512214660645
0.422313344	6.972697019577026
0.42231974699999997	7.023026943206787
0.422299112	7.082891225814819
0.42232623700000005	7.106086730957031
0.422310753	7.143293857574463
0.422348559	7.182453632354736
0.42234984	7.22292947769165
0.422305195	7.272112131118774
0.422313111	7.324237585067749
0.42226494400000003	7.372195720672607
0.422265177	7.406354188919067
0.422251003	7.439258575439453
0.422277546	7.478355169296265
0.422266574	7.522922515869141
0.422260753	7.582839012145996
0.422282959	7.622882604598999
0.42227387899999996	7.677618026733398
0.42228811099999997	7.7056050300598145
0.422266865	7.739265441894531
0.422288489	7.772892951965332
0.422288489	7.830893278121948
0.422261073	7.872881889343262
0.422288431	7.922675609588623
0.422267854	7.9829182624816895
0.422282639	8.010473012924194
0.422258046	8.039246082305908
0.42227911799999995	8.082438945770264
0.42227623599999997	8.12212610244751
0.422263605	8.172849178314209
0.42227271499999997	8.228206634521484
0.422243262	8.273876667022705
0.42224646299999996	8.306119441986084
0.422224897	8.338870286941528
0.42224826800000004	8.38287901878357
0.422243262	8.422630786895752
0.422202342	8.47262954711914
0.42223362799999997	8.53162169456482
0.422191602	8.573010206222534
0.422216806	8.60603141784668
0.422187702	8.641443729400635
0.422204845	8.672629117965698
0.422205223	8.722227573394775
0.422177021	8.783012628555298
0.422193843	8.822652339935303
0.42217903	8.872015476226807
0.422190904	8.905735731124878
0.42217804	8.93926453590393
0.422195153	8.982190132141113
0.422208046	9.023520708084106
0.422196783	9.077340602874756
0.42222419899999997	9.12248182296753
0.422205427	9.175780534744263
0.42222254	9.20562744140625
0.422197685	9.238764762878418
0.422218116	9.282119274139404
0.422227109	9.322513103485107
0.422199431	9.372615814208984
0.422231358	9.422371864318848
0.42219675399999995	9.473725318908691
0.42221360500000005	9.505641222000122
0.422187994	9.539220571517944
0.42221354699999997	9.582552194595337
0.42220676599999996	9.622402667999268
0.422183832	9.672851324081421
0.422212295	9.731628179550171
0.422148994	9.772629261016846
0.422172598	9.810162782669067
0.422140933	9.839152574539185
0.422165118	9.872379064559937
0.422151905	9.921998023986816
0.42215446599999995	9.98276424407959
0.42219038000000003	10.022139549255371
0.422188692	10.082642555236816
0.422199635	10.105703115463257
0.42218036800000003	10.138396263122559
0.42222783700000005	10.172628402709961
0.422199722	10.224864482879639
0.42218974	10.272652626037598
0.42219480400000003	10.327580690383911
0.422173849	10.382660150527954
0.422202545	10.405748844146729
0.422175828	10.442317485809326
0.422216865	10.481670618057251
0.422191253	10.522289752960205
0.422181882	10.572518348693848
0.422209094	10.622640609741211
0.42216453600000003	10.675835847854614
0.422191952	10.705626010894775
0.422171317	10.738523483276367
0.422214536	10.782136678695679
0.42221977499999996	10.822573184967041
0.42215385499999997	10.871691703796387
0.422163605	10.931573390960693
0.42213933200000003	10.972060441970825
0.422180601	11.005762577056885
0.422179932	11.039030313491821
0.422169018	11.076939821243286
0.42217382	11.122375249862671
0.42214547300000005	11.174512386322021
0.422167359	11.232166290283203
0.422159064	11.276508808135986
0.422148674	11.305638313293457
0.42211514699999997	11.339192152023315
0.422145153	11.372502326965332
0.422152254	11.430875539779663
0.422153797	11.472371816635132
0.422162178	11.522546529769897
0.422132551	11.572362661361694
0.422132463	11.610409498214722
0.42212579899999997	11.638551473617554
0.422168639	11.68096137046814
0.42216773700000004	11.727128744125366
0.42215446599999995	11.77237343788147
0.422166457	11.826727628707886
0.422135723	11.874970197677612
0.422154495	11.906505107879639
0.42214250400000003	11.938566446304321
0.42215766699999996	11.982525825500488
0.42215030400000003	12.022200345993042
0.422131212	12.072269201278687
0.422161858	12.131508111953735
0.42213712000000003	12.17223072052002
0.42215030400000003	12.205727100372314
0.422115438	12.241030216217041
0.42211866800000003	12.272306680679321
0.422119658	12.322282552719116
0.422103738	12.381919384002686
0.422127021	12.422155618667603
0.422098325	12.471633434295654
0.422105106	12.50556468963623
0.422088633	12.538971424102783
0.422104786	12.581731796264648
0.422088953	12.622812747955322
0.42208537300000004	12.677094221115112
0.422095472	12.722358703613281
0.42209954699999996	12.775454759597778
0.422107376	12.805275678634644
0.422068959	12.838321685791016
0.422096084	12.875071048736572
Power (dBm)
25.938384552162482