Power (mW)	Time (sek)
0.600717787	0.1393115520477295
0.600724306	0.1393115520477295
0.600719708	0.1393115520477295
0.600710337	0.1393115520477295
0.600700791	0.1393115520477295
0.600692001	0.1393115520477295
0.600647822	0.1393115520477295
0.60062611	0.1393115520477295
0.60059462	0.1393115520477295
0.6005915930000001	0.1393115520477295
0.600565516	0.1393115520477295
0.6005571340000001	0.1393115520477295
0.60053682	0.1393115520477295
0.6005406609999999	0.1393115520477295
0.600533269	0.1393115520477295
0.600537693	0.1393115520477295
0.600523257	0.1393115520477295
0.600531755	0.1393115520477295
0.600528729	0.1393115520477295
0.60053909	0.1393115520477295
0.600570405	0.1393115520477295
0.600564235	0.1393115520477295
0.6005833270000001	0.1393115520477295
0.600570405	0.1393115520477295
0.600599102	0.1393115520477295
0.600617437	0.1393115520477295
0.600604923	0.1393115520477295
0.600613421	0.1393115520477295
0.600612548	0.1393115520477295
0.600651081	0.1393115520477295
0.6006327459999999	0.1393115520477295
0.6006497420000001	0.1393115520477295
0.600649801	0.1393115520477295
0.600634958	0.1393115520477295
0.600633561	0.1393115520477295
0.600624888	0.1393115520477295
0.6006252950000001	0.1393115520477295
0.600615167	0.1393115520477295
0.6006337350000001	0.1393115520477295
0.600648404	0.1393115520477295
0.600627507	0.1393115520477295
0.600599975	0.1393115520477295
0.6005450849999999	0.1393115520477295
0.6005241299999999	0.1393115520477295
0.600508472	0.1393115520477295
0.600511208	0.1393115520477295
0.600507017	0.1393115520477295
0.6004853059999999	0.1393115520477295
0.600493222	0.1393115520477295
0.6004647	0.1393115520477295
0.6004880419999999	0.1393115520477295
0.600463711	0.1393115520477295
0.600477681	0.1393115520477295
0.60048193	0.1393115520477295
0.600465981	0.1393115520477295
0.600514119	0.1393115520477295
0.6005312899999999	0.1393115520477295
0.600587402	0.1393115520477295
0.600583269	0.1393115520477295
0.600608531	0.1393115520477295
0.6006084730000001	0.1393115520477295
0.600610336	0.1393115520477295
0.600640662	0.1393115520477295
0.6006409530000001	0.1393115520477295
0.6006556799999999	0.1393115520477295
0.600634259	0.1393115520477295
0.6006517800000001	0.1393115520477295
0.600657542	0.1393115520477295
0.600639789	0.1393115520477295
0.60063228	0.1393115520477295
0.600606145	0.1393115520477295
0.6006016630000001	0.1393115520477295
0.6005635370000001	0.1393115520477295
0.600555155	0.1393115520477295
0.600567902	0.1393115520477295
0.600547763	0.1393115520477295
0.600534782	0.1393115520477295
0.600503117	0.1393115520477295
0.600526575	0.1393115520477295
0.600515807	0.1393115520477295
0.600518368	0.1393115520477295
0.600504747	0.1393115520477295
0.6004853059999999	0.1393115520477295
0.6004953169999999	0.1393115520477295
0.6004862950000001	0.1393115520477295
0.60052122	0.1393115520477295
0.600504049	0.1393115520477295
0.6005105679999999	0.1393115520477295
0.6005090540000001	0.1393115520477295
0.600493106	0.1393115520477295
0.600504805	0.1393115520477295
0.600200088	0.1393115520477295
0.600148225	0.1393115520477295
0.599993102	0.1393115520477295
0.59982948	0.1393115520477295
0.599607651	0.1393115520477295
0.599406485	0.1393115520477295
0.599432795	0.1393115520477295
0.599529769	0.1393115520477295
0.599762017	0.1393115520477295
0.600187399	0.1393115520477295
0.600584259	0.1393115520477295
0.600803003	0.1393115520477295
0.600505678	0.1393115520477295
0.6005147590000001	0.1393115520477295
0.600515399	0.1393115520477295
0.600528729	0.1393115520477295
0.600516971	0.1393115520477295
0.600518601	0.1393115520477295
0.6005102189999999	0.1393115520477295
0.600487925	0.1393115520477295
0.6005076579999999	0.1393115520477295
0.600492116	0.1393115520477295
0.600477215	0.1393115520477295
0.600467552	0.1393115520477295
0.600442756	0.1393115520477295
0.600469881	0.1393115520477295
0.60045335	0.1393115520477295
0.600444677	0.1393115520477295
0.600425061	0.1393115520477295
0.600440835	0.1393115520477295
0.600424712	0.1393115520477295
0.600454397	0.1393115520477295
0.600455271	0.1393115520477295
0.60045562	0.1393115520477295
0.600461208	0.1393115520477295
0.600465341	0.1393115520477295
0.600487576	0.1393115520477295
0.600502593	0.1393115520477295
0.600524247	0.1393115520477295
0.600521569	0.1393115520477295
0.600493106	0.1393115520477295
0.600519648	0.1393115520477295
0.600517902	0.1393115520477295
0.600549974	0.1393115520477295
0.6005289619999999	0.1393115520477295
0.600547355	0.1393115520477295
0.6005393809999999	0.1393115520477295
0.60051796	0.1393115520477295
0.6005371110000001	0.1393115520477295
0.600522035	0.1393115520477295
0.60051895	0.1393115520477295
0.600492465	0.1393115520477295
0.600497937	0.1393115520477295
0.6005156899999999	0.1393115520477295
0.600498519	0.1393115520477295
0.600506028	0.1393115520477295
0.600483094	0.1393115520477295
0.600488624	0.1393115520477295
0.600474712	0.1393115520477295
0.600492524	0.1393115520477295
0.600509171	0.1393115520477295
0.6005089379999999	0.1393115520477295
0.600503641	0.1393115520477295
0.600460044	0.1393115520477295
0.600474013	0.1393115520477295
0.60046179	0.1393115520477295
0.600488216	0.1393115520477295
0.6005116739999999	0.1393115520477295
0.600502477	0.1393115520477295
0.600496656	0.1393115520477295
0.600493106	0.1393115520477295
0.6004934550000001	0.1393115520477295
0.60047349	0.1393115520477295
0.60048583	0.1393115520477295
0.6005076579999999	0.1393115520477295
0.6005129539999999	0.1393115520477295
0.6005538739999999	0.1393115520477295
0.6005190079999999	0.1393115520477295
0.600502884	0.1393115520477295
0.60050271	0.1393115520477295
0.600499625	0.1393115520477295
0.60053356	0.1393115520477295
0.6005644680000001	0.1393115520477295
0.600574829	0.1393115520477295
0.600537634	0.1393115520477295
0.600537867	0.1393115520477295
0.6005272150000001	0.1393115520477295
0.6005387990000001	0.1393115520477295
0.6005450849999999	0.1393115520477295
0.600512431	0.1393115520477295
0.600474363	0.1393115520477295
0.600444968	0.1393115520477295
0.6004791939999999	0.1393115520477295
0.600477215	0.1393115520477295
0.600489904	0.1393115520477295
0.600495434	0.1393115520477295
0.600465341	0.1393115520477295
0.600459287	0.1393115520477295
0.600464758	0.1393115520477295
0.600484316	0.1393115520477295
0.60047122	0.1393115520477295
0.6004714520000001	0.1393115520477295
0.600469648	0.1393115520477295
0.600461208	0.1393115520477295
0.600489264	0.1393115520477295
0.600497646	0.1393115520477295
0.600507774	0.1393115520477295
0.600478903	0.1393115520477295
0.600486062	0.1393115520477295
0.600511208	0.1393115520477295
0.600508007	0.1393115520477295
0.600513536	0.1393115520477295
0.600482337	0.1393115520477295
0.600500556	0.1393115520477295
0.6004850150000001	0.1393115520477295
0.600508356	0.1393115520477295
0.600519241	0.1393115520477295
0.600513769	0.1393115520477295
0.600497064	0.1393115520477295
0.6004846070000001	0.1393115520477295
0.600499334	0.1393115520477295
0.600497529	0.1393115520477295
0.6005225	0.1393115520477295
0.600529602	0.1393115520477295
0.6004937459999999	0.1393115520477295
0.600507134	0.1393115520477295
0.600508996	0.1393115520477295
0.6005290780000001	0.1393115520477295
0.600512896	0.1393115520477295
0.600495434	0.1393115520477295
0.600513944	0.1393115520477295
0.600493979	0.1393115520477295
0.600511616	0.1393115520477295
0.600495434	0.1393115520477295
0.6004920579999999	0.1393115520477295
0.6004737219999999	0.1393115520477295
0.6004666790000001	0.1393115520477295
0.600461673	0.1393115520477295
0.600489147	0.1393115520477295
0.6004636529999999	0.1393115520477295
0.600469997	0.1393115520477295
0.600454339	0.1393115520477295
0.600471627	0.1393115520477295
0.600484083	0.1393115520477295
0.600462023	0.1393115520477295
0.600449624	0.1393115520477295
0.600410858	0.1393115520477295
0.600428961	0.1393115520477295
0.600411848	0.1393115520477295
0.6004440369999999	0.1393115520477295
0.600426283	0.1393115520477295
0.600403757	0.1393115520477295
0.600415631	0.1393115520477295
0.600435422	0.1393115520477295
0.6004307649999999	0.1393115520477295
0.600433152	0.1393115520477295
0.600429834	0.1393115520477295
0.6004160390000001	0.1393115520477295
0.600391475	0.1393115520477295
0.60041697	0.1393115520477295
0.600416679	0.1393115520477295
0.600418658	0.1393115520477295
0.600393454	0.1393115520477295
0.600399915	0.1393115520477295
0.600401487	0.1393115520477295
0.600393396	0.1393115520477295
0.6004176099999999	0.1393115520477295
0.600385363	0.1393115520477295
0.600383384	0.1393115520477295
0.600360509	0.1393115520477295
0.6003851299999999	0.1393115520477295
0.600368599	0.1393115520477295
0.6003719750000001	0.1393115520477295
0.600357307	0.1393115520477295
0.600349798	0.1393115520477295
0.6003603340000001	0.1393115520477295
0.600353931	0.1393115520477295
0.600359926	0.1393115520477295
0.6003483430000001	0.1393115520477295
0.60031272	0.1393115520477295
0.600304571	0.1393115520477295
0.600310566	0.1393115520477295
0.6003245939999999	0.1393115520477295
0.600299798	0.1393115520477295
0.600292289	0.1393115520477295
0.6002820449999999	0.1393115520477295
0.600272324	0.1393115520477295
0.600303407	0.1393115520477295
0.600317668	0.1393115520477295
0.600308471	0.1393115520477295
0.600291707	0.1393115520477295
0.600292697	0.1393115520477295
0.600318483	0.1393115520477295
0.600331114	0.1393115520477295
0.600335828	0.1393115520477295
0.600317901	0.1393115520477295
0.60030754	0.1393115520477295
0.600275875	0.1393115520477295
0.600295607	0.1393115520477295
0.600288797	0.1393115520477295
0.600274827	0.1393115520477295
0.600278086	0.1393115520477295
0.600243511	0.1393115520477295
0.600270345	0.1393115520477295
0.6002789009999999	0.1393115520477295
0.600293977	0.1393115520477295
0.600297702	0.1393115520477295
0.600259984	0.1393115520477295
0.600271625	0.1393115520477295
Power (dBm)
27.78489377064946