Power (mW)	Time (sek)
0.394201867	0.0786280632019043
0.394176372	0.11412549018859863
0.39418315299999995	0.14474129676818848
0.394201139	0.1981825828552246
0.39415824	0.24732518196105957
0.394178962	0.29730725288391113
0.39417477100000003	0.3451404571533203
0.39419060300000003	0.39854001998901367
0.394176081	0.42823290824890137
0.39417052199999997	0.45955395698547363
0.394158618	0.4993414878845215
0.394158269	0.5446803569793701
0.394199276	0.5950982570648193
0.394162402	0.6451632976531982
0.394185132	0.6979193687438965
0.39417122	0.7278168201446533
0.39418094099999995	0.7551403045654297
0.394163799	0.7952468395233154
0.394160248	0.8446221351623535
0.394183473	0.9002485275268555
0.394156639	0.944561243057251
0.394178875	0.9951887130737305
0.394150236	1.028463363647461
0.394158997	1.0612123012542725
0.394175033	1.1114556789398193
0.39415853100000003	1.1613922119140625
0.394152768	1.211510181427002
0.394148024	1.2613601684570312
0.394165691	1.3115043640136719
0.394136063	1.347158670425415
0.394155039	1.3948533535003662
0.394131173	1.4450969696044922
0.394149538	1.4947853088378906
0.394118862	1.5448827743530273
0.394154777	1.5984652042388916
0.394142786	1.6279380321502686
0.394150848	1.6614735126495361
0.394158618	1.7112948894500732
0.39416799	1.7617466449737549
0.396151911	1.8113298416137695
0.39545077	1.8613336086273193
0.39512242099999995	1.9109704494476318
0.396968971	1.9450342655181885
0.405152387	1.9978001117706299
0.397247582	2.049464464187622
0.39625042699999996	2.0984046459198
0.395412062	2.1450672149658203
0.395277428	2.1974854469299316
0.395214156	2.2280335426330566
0.395231589	2.2614285945892334
0.39524584999999995	2.314490556716919
0.39524032000000003	2.3615376949310303
0.395239709	2.4157814979553223
0.395231909	2.4615609645843506
0.39524649	2.511603832244873
0.39522742699999996	2.544525623321533
0.395243871	2.595005989074707
0.39520161200000004	2.644355297088623
0.39524165899999997	2.694735050201416
0.39522899899999997	2.7495322227478027
0.395268173	2.793990135192871
0.395254523	2.8273184299468994
0.395294541	2.8607757091522217
0.39530036199999996	2.911350727081299
0.395310344	2.960444450378418
0.395317242	3.0109500885009766
0.39530714299999997	3.065890312194824
0.395309733	3.1115005016326904
0.395284587	3.1448633670806885
0.395316863	3.1944496631622314
0.395298732	3.244541883468628
0.395312323	3.2945847511291504
0.395288458	3.3450095653533936
0.395297451	3.3941619396209717
0.39528647899999997	3.4291114807128906
0.39529579200000003	3.4542782306671143
0.395268056	3.49375581741333
0.395283336	3.54421067237854
0.395288749	3.6069276332855225
0.395272597	3.644545078277588
0.395259325	3.698397159576416
0.39524748000000004	3.727945566177368
0.395269046	3.7614481449127197
0.39526430199999996	3.8110480308532715
0.395258365	3.861241102218628
0.395259674	3.9111499786376953
0.39526415600000003	3.9611947536468506
0.395280076	4.0110087394714355
0.39525586199999996	4.044756650924683
0.39529034999999996	4.097310304641724
0.395262556	4.1447484493255615
0.395283569	4.1939473152160645
0.395240379	4.244057893753052
0.395249663	4.294952630996704
0.395217736	4.328799247741699
0.395257142	4.360905408859253
0.395231938	4.4163172245025635
0.395227049	4.461418867111206
0.39522550700000003	4.5113091468811035
0.395232899	4.568151950836182
0.395228009	4.611204147338867
0.39520990699999997	4.643826484680176
0.395230629	4.694758653640747
0.395208976	4.744078874588013
0.39523351	4.797932147979736
0.39522023900000003	4.847705364227295
0.395228737	4.894659757614136
0.395197334	4.927973508834839
0.395221869	4.96061372756958
0.395219948	5.011007785797119
0.395183539	5.064525604248047
0.395191688	5.111370801925659
0.395177369	5.1661951541900635
0.39518575100000003	5.21138858795166
0.39516150699999997	5.24530291557312
0.395180949	5.2939934730529785
0.395167008	5.344536781311035
0.39518129799999996	5.394126892089844
0.39515990599999995	5.4444684982299805
0.395179261	5.498782634735107
0.395188312	5.527353286743164
0.395201874	5.5608885288238525
0.395200303	5.610896825790405
0.39519739200000004	5.661228895187378
0.39522550700000003	5.711193561553955
0.395217736	5.761045455932617
0.39524288100000005	5.810844898223877
0.395223818	5.844595670700073
0.395242678	5.897388935089111
0.395216077	5.948222398757935
0.395217736	5.997662305831909
0.395205483	6.044417381286621
0.39521759	6.094591379165649
0.395206473	6.127459526062012
0.395234878	6.1607420444488525
0.395198702	6.19402551651001
0.395203242	6.244121551513672
0.395217678	6.294495344161987
0.395203562	6.344456434249878
0.39521348700000003	6.394768238067627
0.395192503	6.428747892379761
0.395208976	6.460195302963257
0.395196694	6.494295597076416
0.395187701	6.543866872787476
0.395202514	6.593979358673096
0.39517710699999997	6.644129514694214
0.395176117	6.694528341293335
0.39515350400000004	6.727836608886719
0.39518420800000004	6.760730981826782
0.395171286	6.811202526092529
0.395180017	6.860438585281372
0.395191601	6.911153554916382
0.39518316000000003	6.960479497909546
0.39520135	7.011093616485596
0.39517894	7.044339656829834
0.39518772999999996	7.097934007644653
0.395179639	7.143964052200317
0.395174837	7.194310665130615
0.395137671	7.244470119476318
0.39514451100000003	7.294327735900879
0.395097974	7.329378604888916
0.395131792	7.360710144042969
0.39511441700000005	7.410722732543945
0.395112496	7.460999250411987
0.395121519	7.510822057723999
0.39511403900000003	7.567833185195923
0.39512309	7.61132025718689
0.39511121600000004	7.644331216812134
0.39513284	7.69942307472229
0.395102543	7.7443859577178955
0.39511572699999997	7.797291994094849
0.395100156	7.84390115737915
0.395104114	7.898355007171631
0.39511433	7.927069187164307
0.395120878	7.961010694503784
0.395133829	8.014094352722168
0.39512384700000003	8.060701370239258
0.395127921	8.115725040435791
0.395128649	8.160998106002808
0.395118928	8.210830688476562
0.395104755	8.244931936264038
0.395117997	8.293806314468384
0.395090261	8.343800067901611
0.39507859	8.394314527511597
0.395059265	8.443619012832642
0.39506764699999997	8.500277042388916
0.395044073	8.527443885803223
0.395071838	8.560249090194702
0.395062467	8.610309362411499
0.39507632	8.66019868850708
0.395088602	8.710495471954346
0.395092851	8.764898777008057
0.395118608	8.810918807983398
0.39510984800000004	8.844192028045654
0.395118666	8.894291877746582
0.395110896	8.947873592376709
0.395113748	8.993472814559937
0.395087962	9.044276237487793
0.395089941	9.093642473220825
0.395060866	9.127262830734253
0.395089271	9.160482168197632
0.395042414	9.200288534164429
0.39503502199999996	9.24404788017273
0.395045005	9.299233198165894
0.395045237	9.344200849533081
0.39505667499999997	9.396458148956299
0.395054754	9.427253723144531
0.395072449	9.460718870162964
0.39506205899999997	9.510208129882812
0.395074778	9.560338735580444
0.395050505	9.614367485046387
0.395064038	9.66066837310791
0.395046314	9.715721607208252
0.395019772	9.743977308273315
0.395026262	9.794034004211426
0.395015668	9.843468189239502
0.394991454	9.893762588500977
0.39498054000000005	9.94397497177124
0.394995615	9.993974447250366
0.39500600500000005	10.02839469909668
0.395023351	10.060200929641724
0.39499276299999997	10.102095127105713
0.394984672	10.14329719543457
0.39499823500000003	10.197641134262085
0.395001145	10.243549823760986
0.39499896199999995	10.298339128494263
0.394997915	10.328508615493774
0.395016308	10.359429597854614
0.39498857200000004	10.398298740386963
0.394989678	10.443344593048096
0.394987903	10.500038385391235
0.394977629	10.548044919967651
0.394989387	10.599172353744507
0.394985982	10.626867771148682
0.395001814	10.660154819488525
0.394984294	10.710525274276733
0.394990144	10.760043621063232
0.394983304	10.810383319854736
0.394991192	10.8598153591156
0.394992036	10.910599946975708
0.394980831	10.948827743530273
0.39498493399999995	10.99823260307312
0.394986011	11.043817520141602
0.394993724	11.098267316818237
0.3949737	11.143980503082275
0.394978793	11.19917368888855
0.394975999	11.22756838798523
0.394989242	11.261667490005493
0.394989242	11.309596538543701
0.395000621	11.360549926757812
0.394984672	11.410381078720093
0.395000825	11.461920976638794
0.394994277	11.510429859161377
0.394985022	11.543875694274902
0.394983712	11.598282098770142
0.394987845	11.643678426742554
0.394994306	11.695668935775757
0.39497079	11.74361252784729
0.39499823500000003	11.798313856124878
0.394977251	11.827138185501099
0.394980889	11.860537767410278
0.39497239	11.909912347793579
0.394986622	11.959871768951416
0.394966919	12.01382565498352
0.39497629	12.060501337051392
0.394981442	12.115208148956299
0.394961127	12.146809339523315
0.39497242	12.198297023773193
0.394937553	12.24303388595581
0.394941017	12.297923564910889
0.394946575	12.342870235443115
0.394944946	12.398648977279663
0.394941424	12.42683482170105
0.394948816	12.45990252494812
0.394958217	12.510190963745117
0.394976581	12.56068468093872
0.39497332199999996	12.609823942184448
0.395009556	12.659804821014404
0.394993724	12.710437536239624
0.394994306	12.74311900138855
0.39500143600000004	12.798287630081177
0.39498863	12.845166206359863
0.394988921	12.90026307106018
0.394987961	12.94350552558899
0.395002018	12.999182939529419
0.395002164	13.026419878005981
0.39501138999999996	13.06216812133789
0.394988834	13.09961199760437
0.394983974	13.143622398376465
0.395009847	13.198232889175415
0.394984294	13.242655754089355
0.39498275099999997	13.29568600654602
0.39497207	13.326518535614014
0.39498799	13.360265493392944
0.39497588299999997	13.40961742401123
0.39498411899999997	13.460344791412354
0.394964998	13.509936094284058
0.39497274000000004	13.559864044189453
0.39497134300000003	13.609985589981079
0.39498054000000005	13.643280744552612
Power (dBm)
25.966508176205817