Power (mW)	Time (sek)
0.485187309	0.13912296295166016
0.48518792	0.13912296295166016
0.485196302	0.13912296295166016
0.485190511	0.13912296295166016
0.485175609	0.13912296295166016
0.485178869	0.13912296295166016
0.48515174400000005	0.13912296295166016
0.48518174999999997	0.13912296295166016
0.485161407	0.13912296295166016
0.48516722700000003	0.13912296295166016
0.485160039	0.13912296295166016
0.485164637	0.13912296295166016
0.48515075500000004	0.13912296295166016
0.485155993	0.13912296295166016
0.48514167399999997	0.13912296295166016
0.485158816	0.13912296295166016
0.48513946199999997	0.13912296295166016
0.485160184	0.13912296295166016
0.485160796	0.13912296295166016
0.485155615	0.13912296295166016
0.485182361	0.13912296295166016
0.485166296	0.13912296295166016
0.48518824000000005	0.13912296295166016
0.48517980000000005	0.13912296295166016
0.48518879299999995	0.13912296295166016
0.485198223	0.13912296295166016
0.48517176799999995	0.13912296295166016
0.485178927	0.13912296295166016
0.48516338600000003	0.13912296295166016
0.48518306	0.13912296295166016
0.485174911	0.13912296295166016
0.485179422	0.13912296295166016
0.485186873	0.13912296295166016
0.485189841	0.13912296295166016
0.485200493	0.13912296295166016
0.485188531	0.13912296295166016
0.485203112	0.13912296295166016
0.485211174	0.13912296295166016
0.485215918	0.13912296295166016
0.48524874700000004	0.13912296295166016
0.485216297	0.13912296295166016
0.485233817	0.13912296295166016
0.48522884	0.13912296295166016
0.48524766999999996	0.13912296295166016
0.48524673900000004	0.13912296295166016
0.485252793	0.13912296295166016
0.485254015	0.13912296295166016
0.485236029	0.13912296295166016
0.485253782	0.13912296295166016
0.485244091	0.13912296295166016
0.485241937	0.13912296295166016
0.485216035	0.13912296295166016
0.485225348	0.13912296295166016
0.485219876	0.13912296295166016
0.48520567400000003	0.13912296295166016
0.485194352	0.13912296295166016
0.48517330999999997	0.13912296295166016
0.485170778	0.13912296295166016
0.485164928	0.13912296295166016
0.48516521900000004	0.13912296295166016
0.485168217	0.13912296295166016
0.48517275699999995	0.13912296295166016
0.485179306	0.13912296295166016
0.485159573	0.13912296295166016
0.48517857799999997	0.13912296295166016
0.485177938	0.13912296295166016
0.485182682	0.13912296295166016
0.485193712	0.13912296295166016
0.485192984	0.13912296295166016
0.485200493	0.13912296295166016
0.485208584	0.13912296295166016
0.485253142	0.13912296295166016
0.48523786199999996	0.13912296295166016
0.485779077	0.13912296295166016
0.488779158	0.13912296295166016
0.49183284899999996	0.13912296295166016
0.494271051	0.13912296295166016
0.496429042	0.13912296295166016
0.498261594	0.13912296295166016
0.498748384	0.13912296295166016
0.499333895	0.13912296295166016
0.499523303	0.13912296295166016
0.49986667	0.13912296295166016
0.49990689099999996	0.13912296295166016
0.49978384	0.13912296295166016
0.49972260600000007	0.13912296295166016
0.49955013699999995	0.13912296295166016
0.49957330299999997	0.13912296295166016
0.49974134899999995	0.13912296295166016
0.500016904	0.13912296295166016
0.50016446	0.13912296295166016
0.5000860549999999	0.13912296295166016
0.49992388800000004	0.13912296295166016
0.49988564599999996	0.13912296295166016
0.499990187	0.13912296295166016
0.499992457	0.13912296295166016
0.500094728	0.13912296295166016
0.500223949	0.13912296295166016
0.500434951	0.13912296295166016
0.500316906	0.13912296295166016
0.5002244140000001	0.13912296295166016
0.5002880930000001	0.13912296295166016
0.500281865	0.13912296295166016
0.500054797	0.13912296295166016
0.499870162	0.13912296295166016
0.499513932	0.13912296295166016
0.498852518	0.13912296295166016
0.497563684	0.13912296295166016
0.496212393	0.13912296295166016
0.492735126	0.13912296295166016
0.488311343	0.13912296295166016
0.487760379	0.13912296295166016
0.487513404	0.13912296295166016
0.487343961	0.13912296295166016
0.487236131	0.13912296295166016
0.487146666	0.13912296295166016
0.487025914	0.13912296295166016
0.486913981	0.13912296295166016
0.486825855	0.13912296295166016
0.48674678	0.13912296295166016
0.48668767	0.13912296295166016
0.48664055100000003	0.13912296295166016
0.48658569	0.13912296295166016
0.486551813	0.13912296295166016
0.48647658000000005	0.13912296295166016
0.486436824	0.13912296295166016
0.48637660800000004	0.13912296295166016
0.486331643	0.13912296295166016
0.486290344	0.13912296295166016
0.486263831	0.13912296295166016
0.48624252700000004	0.13912296295166016
0.486217061	0.13912296295166016
0.486196426	0.13912296295166016
0.48615792199999996	0.13912296295166016
0.48612302599999996	0.13912296295166016
0.486097648	0.13912296295166016
0.486096367	0.13912296295166016
0.486079545	0.13912296295166016
0.486068253	0.13912296295166016
0.486069213	0.13912296295166016
0.486025936	0.13912296295166016
0.486023142	0.13912296295166016
0.486006524	0.13912296295166016
0.486001343	0.13912296295166016
0.485974277	0.13912296295166016
0.485946483	0.13912296295166016
0.485930766	0.13912296295166016
0.48590143	0.13912296295166016
0.485898112	0.13912296295166016
0.485891302	0.13912296295166016
0.48588682	0.13912296295166016
0.485873868	0.13912296295166016
0.485835772	0.13912296295166016
0.485807046	0.13912296295166016
0.485785422	0.13912296295166016
0.485782482	0.13912296295166016
0.485763856	0.13912296295166016
0.485764816	0.13912296295166016
0.485757075	0.13912296295166016
0.485739991	0.13912296295166016
0.485736411	0.13912296295166016
0.48571924	0.13912296295166016
0.485730241	0.13912296295166016
0.485720928	0.13912296295166016
0.485713856	0.13912296295166016
0.485693512	0.13912296295166016
0.48567095699999996	0.13912296295166016
0.485683733	0.13912296295166016
0.48564962300000003	0.13912296295166016
0.485656084	0.13912296295166016
0.485647004	0.13912296295166016
0.485667057	0.13912296295166016
0.485669269	0.13912296295166016
0.485652185	0.13912296295166016
0.4856413	0.13912296295166016
0.485631841	0.13912296295166016
0.48563897100000003	0.13912296295166016
0.48563024	0.13912296295166016
0.485635974	0.13912296295166016
0.485634053	0.13912296295166016
0.48562409900000003	0.13912296295166016
0.485628581	0.13912296295166016
0.485641562	0.13912296295166016
0.485643512	0.13912296295166016
0.485653873	0.13912296295166016
0.485650613	0.13912296295166016
0.48564540300000003	0.13912296295166016
0.48564374400000004	0.13912296295166016
0.485639233	0.13912296295166016
0.48562052	0.13912296295166016
0.485619763	0.13912296295166016
0.485598866	0.13912296295166016
0.485609227	0.13912296295166016
0.485602737	0.13912296295166016
0.485574332	0.13912296295166016
0.48557599100000004	0.13912296295166016
0.485571451	0.13912296295166016
0.485552766	0.13912296295166016
0.48553585699999996	0.13912296295166016
0.485522731	0.13912296295166016
0.485519093	0.13912296295166016
0.48550844099999996	0.13912296295166016
0.485494238	0.13912296295166016
0.485491066	0.13912296295166016
0.485482684	0.13912296295166016
0.485471333	0.13912296295166016
0.48547194499999996	0.13912296295166016
0.485452038	0.13912296295166016
0.485441618	0.13912296295166016
0.485425582	0.13912296295166016
0.485433528	0.13912296295166016
0.485435594	0.13912296295166016
0.485425233	0.13912296295166016
0.485426193	0.13912296295166016
0.48542750300000004	0.13912296295166016
0.485427736	0.13912296295166016
0.485439145	0.13912296295166016
0.48545585	0.13912296295166016
0.485458499	0.13912296295166016
0.48545392899999995	0.13912296295166016
0.48545774199999997	0.13912296295166016
0.48545468599999997	0.13912296295166016
0.485456781	0.13912296295166016
0.48546234	0.13912296295166016
0.48546554199999997	0.13912296295166016
0.485451368	0.13912296295166016
0.485462719	0.13912296295166016
0.485450379	0.13912296295166016
0.485449447	0.13912296295166016
0.48544624599999997	0.13912296295166016
0.485440018	0.13912296295166016
0.485409284	0.13912296295166016
0.485415832	0.13912296295166016
0.485416444	0.13912296295166016
0.485420635	0.13912296295166016
0.485403201	0.13912296295166016
0.48540258999999997	0.13912296295166016
0.485371944	0.13912296295166016
0.485382538	0.13912296295166016
0.485368073	0.13912296295166016
0.485356344	0.13912296295166016
0.485350989	0.13912296295166016
0.485335069	0.13912296295166016
0.485329278	0.13912296295166016
0.48532168099999995	0.13912296295166016
0.485348428	0.13912296295166016
0.485328346	0.13912296295166016
0.485330209	0.13912296295166016
0.485316123	0.13912296295166016
0.48529316	0.13912296295166016
0.485300261	0.13912296295166016
0.485310011	0.13912296295166016
0.485314173	0.13912296295166016
0.485294091	0.13912296295166016
0.485306344	0.13912296295166016
0.485299272	0.13912296295166016
0.485305121	0.13912296295166016
0.485322555	0.13912296295166016
0.48530323	0.13912296295166016
0.485318684	0.13912296295166016
0.48531600599999997	0.13912296295166016
0.485327968	0.13912296295166016
0.485329976	0.13912296295166016
0.48532968499999996	0.13912296295166016
0.485332188	0.13912296295166016
0.48530640199999997	0.13912296295166016
0.485315395	0.13912296295166016
0.48529481900000004	0.13912296295166016
0.485296303	0.13912296295166016
0.485288358	0.13912296295166016
0.48525934099999996	0.13912296295166016
0.48525538300000004	0.13912296295166016
0.48523730899999995	0.13912296295166016
0.485247845	0.13912296295166016
0.485237018	0.13912296295166016
0.485235039	0.13912296295166016
0.485223136	0.13912296295166016
0.485211785	0.13912296295166016
0.485208584	0.13912296295166016
0.485204073	0.13912296295166016
0.48520925299999995	0.13912296295166016
0.485196011	0.13912296295166016
0.485193101	0.13912296295166016
0.485190598	0.13912296295166016
0.485196069	0.13912296295166016
0.485209865	0.13912296295166016
0.485218858	0.13912296295166016
0.485241821	0.13912296295166016
0.48524022	0.13912296295166016
0.485260796	0.13912296295166016
0.48525855500000004	0.13912296295166016
0.485261844	0.13912296295166016
0.48527855	0.13912296295166016
0.485261524	0.13912296295166016
0.48527921900000004	0.13912296295166016
0.485257653	0.13912296295166016
0.485266704	0.13912296295166016
0.48526053399999997	0.13912296295166016
0.485251192	0.13912296295166016
0.485259632	0.13912296295166016
Power (dBm)
26.876276484428587