Power (mW)	Time (sek)
0.396430725	0.10664248466491699
0.39640400800000003	0.1330118179321289
0.396435324	0.17730116844177246
0.396452146	0.2089078426361084
0.396427	0.2390599250793457
0.396424351	0.2795405387878418
0.39642115	0.3281385898590088
0.396399497	0.3792586326599121
0.39640336800000003	0.4286997318267822
0.39638072500000004	0.47797083854675293
0.396388525	0.5086421966552734
0.39636594	0.5307462215423584
0.396377232	0.5790324211120605
0.396395597	0.627208948135376
0.39639338500000004	0.6740837097167969
0.3964059	0.7286357879638672
0.39638753499999996	0.7796027660369873
0.39641239	0.8104813098907471
0.396386924	0.8395335674285889
0.396445743	0.8783328533172607
0.396430201	0.9187498092651367
0.39641757	0.9693515300750732
0.396434683	1.028595209121704
0.396434334	1.0788004398345947
0.39645526	1.1026222705841064
0.396451826	1.1359245777130127
0.39645924699999996	1.1790039539337158
0.396459771	1.2192139625549316
0.396442454	1.2692968845367432
0.396452087	1.328981876373291
0.396432792	1.3689992427825928
0.396447344	1.4087646007537842
0.396406278	1.4298045635223389
0.396432471	1.4787838459014893
0.39642732	1.5233793258666992
0.396424701	1.5796058177947998
0.39644629600000003	1.62884521484375
0.396406249	1.6728410720825195
0.396437274	1.7063157558441162
0.396406598	1.7399230003356934
0.396419142	1.7725613117218018
0.396429299	1.8233306407928467
0.396403688	1.8781650066375732
0.396425923	1.9287948608398438
0.39642409	1.9793822765350342
0.396428222	2.0130250453948975
0.39643986400000003	2.046004056930542
0.396448566	2.0958456993103027
0.396426243	2.145986557006836
0.396437914	2.1957075595855713
0.39645793700000004	2.2461535930633545
0.396453426	2.2962839603424072
0.396454503	2.3227202892303467
0.396481191	2.37966251373291
0.39648314100000004	2.4223170280456543
0.396473421	2.478584051132202
0.396507094	2.5351593494415283
0.396510906	2.579239845275879
0.396535121	2.6142289638519287
0.396514108	2.645155191421509
0.396503718	2.6962125301361084
0.39648279200000003	2.7459609508514404
0.39648308299999996	2.795919179916382
0.396473421	2.8460755348205566
0.396478281	2.8959007263183594
0.396483461	2.9317257404327393
0.396471209	2.977710247039795
0.396478194	3.0285568237304688
0.39647118	3.0787367820739746
0.396466989	3.1287496089935303
0.398122676	3.179299831390381
0.401808444	3.213623285293579
0.401821773	3.247502088546753
0.40071312099999995	3.2963216304779053
0.399979792	3.345365524291992
0.397295022	3.3958935737609863
0.396139425	3.44589900970459
0.39631789	3.4958105087280273
0.39638759300000004	3.529590129852295
0.396402378	3.5790956020355225
0.396452146	3.6276865005493164
0.396446965	3.678605079650879
0.396449846	3.7228000164031982
0.396432733	3.772993564605713
0.396469462	3.8058385848999023
0.396472169	3.839601755142212
0.396484131	3.8779776096343994
0.39649693599999997	3.92840576171875
0.396484014	3.9796125888824463
0.39649609199999997	4.028614282608032
0.396479882	4.0782036781311035
0.396478281	4.109034538269043
0.39646989899999996	4.13939356803894
0.396478659	4.1784563064575195
0.396470219	4.228499174118042
0.39647441	4.278561592102051
0.39648314100000004	4.328486204147339
0.396465271	4.379372835159302
0.396482472	4.412391185760498
0.396465941	4.445846080780029
0.396492513	4.496176481246948
0.396480202	4.545726537704468
0.396503485	4.595691680908203
0.39649053399999995	4.646090507507324
0.396502815	4.69601035118103
0.396503485	4.72970986366272
0.396472169	4.779869079589844
0.396502146	4.828467607498169
0.396497868	4.878483295440674
0.396508927	4.9284937381744385
0.396493502	4.972746849060059
0.39648628399999997	5.008368015289307
0.39646076	5.038776397705078
0.396461197	5.0784807205200195
0.396448566	5.128477573394775
0.396450487	5.179178237915039
0.396465621	5.2289793491363525
0.396444142	5.278053283691406
0.396452437	5.305590391159058
0.396438903	5.329455137252808
0.396441465	5.377429008483887
0.396433723	5.422638654708862
0.39642668000000003	5.478350639343262
0.396446645	5.528388023376465
0.39643669200000003	5.5811684131622314
0.396444695	5.611581325531006
0.396430143	5.63936185836792
0.396446034	5.67939567565918
0.396440504	5.7280662059783936
0.39641984	5.778366327285767
0.396411458	5.82839035987854
0.396405958	5.872556209564209
0.396399497	5.900052070617676
0.396391202	5.929630517959595
0.396388525	5.97885274887085
0.396389805	6.027552127838135
0.396373798	6.0783445835113525
0.39636594	6.1280341148376465
0.396378542	6.175850868225098
0.396362302	6.2055792808532715
0.396375021	6.233191013336182
0.396373332	6.279295444488525
0.396384014	6.328327417373657
0.396370771	6.37922215461731
0.396369403	6.445554494857788
0.396405958	6.4957709312438965
0.396403018	6.53039026260376
0.39638509	6.579146146774292
0.39640878100000004	6.627875328063965
0.39639440400000003	6.672010660171509
0.396381423	6.722467660903931
0.396382791	6.778852939605713
0.39639082400000003	6.812241554260254
0.39637272100000004	6.848715782165527
0.396402145	6.895449876785278
0.396368181	6.9456963539123535
0.396391435	6.995654821395874
0.396359421	7.0458128452301025
0.396380521	7.095912218093872
0.396356598	7.122224569320679
0.396382064	7.180226564407349
0.396382355	7.228225946426392
0.396400545	7.278186559677124
0.396363379	7.328481674194336
0.396385294	7.378178596496582
0.396340416	7.401066303253174
0.396377553	7.42940092086792
0.39636335	7.478173494338989
0.396378018	7.528161525726318
0.396396994	7.581063985824585
0.396390795	7.628105640411377
0.396393676	7.678874492645264
0.396395597	7.714380979537964
0.39636527099999996	7.744858503341675
0.396391406	7.795353412628174
0.396367192	7.845386743545532
0.396392163	7.8960347175598145
0.39635977	7.945028781890869
0.396389951	7.9955644607543945
0.39635849	8.030210018157959
0.396363088	8.078052997589111
0.396357209	8.12811803817749
0.396358519	8.178065299987793
0.396390795	8.228326797485352
0.39637764	8.277976036071777
0.396380434	8.305850982666016
0.396371208	8.338967561721802
0.396370771	8.378816366195679
0.39639248299999996	8.428103685379028
0.396394084	8.478014707565308
0.396375865	8.527982234954834
0.396416639	8.578809261322021
0.396405958	8.61161208152771
0.3963614	8.645074129104614
0.39640412399999997	8.6954026222229
0.396370742	8.745269298553467
0.39640980000000003	8.79504942893982
0.396384654	8.845669984817505
0.396398827	8.895225524902344
0.396374962	8.928950548171997
0.39637953200000003	8.977629661560059
0.39636725	9.027931451797485
0.396373362	9.077869892120361
0.39635688900000005	9.127890586853027
0.39638724399999997	9.178881645202637
0.396373332	9.208913326263428
0.396414369	9.238325357437134
0.396380754	9.278739213943481
0.396385993	9.327858686447144
0.396395597	9.37786602973938
0.396367861	9.428532600402832
0.396406598	9.477712392807007
0.39639338500000004	9.50528359413147
0.396403018	9.538411855697632
0.396386225	9.578566312789917
0.396400195	9.627553939819336
0.39642761099999996	9.677793264389038
0.39639539300000004	9.727782964706421
0.396445306	9.777777671813965
0.396406511	9.805527925491333
0.39644923499999996	9.832882165908813
0.396423711	9.877758264541626
0.396402058	9.92747187614441
0.396441785	9.978446245193481
0.396437914	10.027742624282837
0.39644504399999997	10.077766180038452
0.39642601	10.105597972869873
0.396444666	10.138889074325562
0.396431569	10.177660703659058
0.396430871	10.22760820388794
0.396449468	10.277755498886108
0.396427553	10.3277006149292
0.39646989899999996	10.379926919937134
0.396433083	10.405308485031128
0.39646693	10.438539266586304
0.396452815	10.477708339691162
0.396438525	10.52764105796814
0.39646076	10.577975273132324
0.396452087	10.628127813339233
0.396457646	10.677967309951782
0.39644565499999995	10.71183443069458
0.396424788	10.74521803855896
0.396451156	10.794798612594604
0.39641596999999995	10.84498143196106
0.396423042	10.895299196243286
0.396389194	10.945218801498413
0.396400195	10.995659828186035
0.39637147	11.030240058898926
0.396400486	11.077360391616821
0.396395597	11.127581357955933
0.39642211	11.178496599197388
0.39641434	11.228402853012085
0.396418298	11.277559518814087
0.396388583	11.299071550369263
0.396419287	11.338615655899048
0.396393036	11.37755036354065
0.396404648	11.427378177642822
0.39641314699999997	11.477499723434448
0.396392716	11.5282723903656
0.396408926	11.578450918197632
0.39639347199999997	11.614087581634521
0.396401098	11.64421796798706
0.396429125	11.695014715194702
0.396435295	11.744335651397705
0.39644641199999997	11.79513168334961
0.39644408400000003	11.844731092453003
0.396464049	11.89518666267395
0.39644763499999996	11.931162595748901
0.396483403	11.97985291481018
0.39646570800000003	12.027424573898315
0.396479212	12.077444791793823
0.39647118	12.128522872924805
0.39649510299999996	12.177444219589233
0.396464049	12.204911231994629
0.39651020800000003	12.2387375831604
0.39647126699999996	12.277840375900269
0.396476738	12.327617883682251
0.396496034	12.377822160720825
0.39648933999999997	12.42853569984436
0.396504125	12.478299856185913
0.396513467	12.511724948883057
0.39649917700000004	12.545071601867676
0.396526681	12.59501314163208
0.396523101	12.645252466201782
0.396541582	12.694786548614502
0.39653122100000004	12.744944095611572
0.396546384	12.794651746749878
0.39652019	12.830471277236938
0.396552874	12.877038478851318
0.39653925300000004	12.927770137786865
0.396543212	12.977351665496826
0.39653611	13.028493642807007
0.396546762	13.077392816543579
0.396535121	13.09912395477295
0.396559946	13.139261722564697
0.396542513	13.178105115890503
0.396546413	13.227546453475952
0.396554155	13.277363777160645
0.396550837	13.32806921005249
0.396554795	13.377338647842407
Power (dBm)
25.98246112439402