Power (mW)	Time (sek)
1.178044	0.1032
1.178005	0.1350
1.178159	0.1854
1.178179	0.2336
1.178073	0.2654
1.177989	0.2974
1.178156	0.3375
1.178009	0.3859
1.178025	0.4359
1.178057	0.4858
1.178002	0.5373
1.178092	0.5648
1.178102	0.5981
1.178249	0.6360
1.178240	0.6828
1.178050	0.7382
1.178140	0.7858
1.178114	0.8348
1.178153	0.8659
1.178117	0.8953
1.178159	0.9354
1.178057	0.9854
1.178002	1.0368
1.178118	1.0806
1.178153	1.1375
1.178066	1.1650
1.178028	1.1929
1.178037	1.2290
1.178259	1.2827
1.178214	1.3370
1.178057	1.3835
1.178227	1.4350
1.178207	1.4636
1.178272	1.4950
1.178384	1.5331
1.178375	1.5819
1.178397	1.6285
1.178384	1.6810
1.178333	1.7352
1.178188	1.7683
1.178323	1.7971
1.178130	1.8301
1.178150	1.8846
1.178076	1.9344
1.178201	1.9843
1.178246	2.0292
1.178179	2.0637
1.178243	2.0963
1.178131	2.1377
1.178159	2.1858
1.178082	2.2348
1.178179	2.2825
1.178176	2.3359
1.178173	2.3682
1.178150	2.3964
1.178085	2.4328
1.178198	2.4804
1.178217	2.5362
1.178323	2.5847
1.178230	2.6353
1.178191	2.6632
1.178198	2.6956
1.178224	2.7377
1.178150	2.7846
1.178278	2.8346
1.178227	2.8802
1.178313	2.9351
1.178265	2.9685
1.178188	2.9981
1.178317	3.0365
1.178291	3.0873
1.178243	3.1448
1.178224	3.1971
1.178095	3.2359
1.178436	3.2616
1.178480	3.2930
1.178464	3.3476
1.178403	3.4011
1.178150	3.4487
1.178098	3.5039
1.178233	3.5561
1.178265	3.5855
1.178288	3.6339
1.178291	3.6806
1.178230	3.7364
1.178198	3.7788
1.178394	3.8347
1.178317	3.8662
1.178127	3.8965
1.178239	3.9360
1.178159	3.9852
1.178256	4.0362
1.178359	4.0858
1.178323	4.1364
1.178150	4.1629
1.178185	4.1964
1.178326	4.2367
1.178336	4.2861
1.177244	4.3378
1.175333	4.3842
1.174184	4.4317
1.175138	4.4637
1.176743	4.4954
1.176978	4.5340
1.177790	4.5855
1.178137	4.6343
1.178198	4.6853
1.178207	4.7375
1.178115	4.7688
1.178050	4.7989
1.178018	4.8371
1.178031	4.8849
1.177983	4.9307
1.178124	4.9811
1.178159	5.0344
1.178063	5.0652
1.178127	5.0938
1.178076	5.1382
1.178111	5.1795
1.178118	5.2362
1.178156	5.2860
1.178429	5.3341
1.178198	5.3689
1.178089	5.3958
1.178056	5.4287
1.178076	5.4843
1.178092	5.5378
1.178188	5.5794
1.177992	5.6355
1.177986	5.6565
1.178041	5.6937
1.178143	5.7350
1.178009	5.7855
1.178111	5.8344
1.178034	5.8840
1.178009	5.9349
1.178092	5.9678
1.178063	5.9978
1.178063	6.0332
1.178057	6.0854
1.178089	6.1369
1.177966	6.1842
1.177992	6.2341
1.178066	6.2650
1.178008	6.2960
1.178050	6.3373
1.177912	6.3850
1.178012	6.4341
1.178031	6.4823
1.178172	6.5341
1.178233	6.5663
1.178108	6.5973
1.177996	6.6360
1.177883	6.6844
1.177874	6.7346
1.177838	6.7827
1.177909	6.8350
1.177970	6.8634
1.178009	6.8962
1.177851	6.9314
1.177915	6.9817
1.177903	7.0352
1.177960	7.0842
1.177890	7.1373
1.177790	7.1629
1.177951	7.1950
1.177893	7.2324
1.177996	7.2842
1.177986	7.3389
1.177944	7.3833
1.177957	7.4352
1.178146	7.4619
1.178214	7.4955
1.178070	7.5375
1.178053	7.5858
1.177970	7.6360
1.178066	7.6817
1.178089	7.7312
1.177983	7.7696
1.178044	7.8003
1.177996	7.8374
1.177963	7.8849
1.177996	7.9379
1.177928	7.9843
1.177845	8.0331
1.177980	8.0605
1.177928	8.0913
1.177877	8.1361
1.177890	8.1853
1.178047	8.2354
1.177886	8.2855
1.177979	8.3368
1.177931	8.3677
1.177951	8.3980
1.177944	8.4350
1.177925	8.4847
1.177986	8.5379
1.177970	8.5844
1.177947	8.6339
1.177986	8.6637
1.177925	8.6943
1.177928	8.7374
1.177960	8.7821
1.177800	8.8357
1.177848	8.8843
1.177909	8.9370
1.177832	8.9658
1.177848	8.9948
1.177822	9.0351
1.177758	9.0855
1.177861	9.1354
1.177900	9.1844
1.177906	9.2343
1.177922	9.2641
1.177870	9.2950
1.177893	9.3358
1.177941	9.3842
1.177880	9.4346
1.178102	9.4838
1.177938	9.5289
1.177873	9.5663
1.177935	9.5935
1.177967	9.6321
1.177928	9.6831
1.177864	9.7377
1.177906	9.7850
1.177922	9.8334
1.177861	9.8602
1.177880	9.8928
1.177947	9.9367
1.177931	9.9849
1.177835	10.0353
1.177854	10.0836
1.178002	10.1365
1.178024	10.1643
1.177925	10.1953
1.177986	10.2350
1.177928	10.2851
1.177980	10.3378
1.177935	10.3844
1.178060	10.4346
1.177944	10.4651
1.177873	10.4953
1.177973	10.5322
1.177829	10.5837
1.177944	10.6309
1.178012	10.6820
1.177896	10.7323
1.177790	10.7652
1.177845	10.7959
1.177918	10.8293
1.177845	10.8834
1.177790	10.9372
1.177918	10.9836
1.177896	11.0330
1.177967	11.0635
1.178009	11.0948
1.177851	11.1339
1.177951	11.1832
1.177842	11.2328
1.177861	11.2848
1.177954	11.3356
1.177842	11.3674
1.178105	11.3958
1.177915	11.4352
1.177966	11.4846
1.177954	11.5351
1.177845	11.5836
1.177992	11.6328
1.178005	11.6595
1.177873	11.6939
1.177893	11.7288
1.177954	11.7807
1.177960	11.8323
1.177941	11.8808
1.177889	11.9301
1.177787	11.9672
1.177877	11.9959
1.177896	12.0336
1.177896	12.0821
1.177790	12.1374
1.177764	12.1844
1.177742	12.2345
1.177813	12.2650
1.177906	12.2909
1.177855	12.3373
1.177822	12.3847
1.177829	12.4303
1.177845	12.4843
1.177838	12.5371
1.177870	12.5650
1.177922	12.5935
1.177822	12.6323
1.177787	12.6840
1.177691	12.7372
1.177768	12.7795
1.177851	12.8266
1.177797	12.8582
1.177803	12.8890
1.177829	12.9373

Mean Power (dBm):	0.7114
Mean Power (mW):	1.177994
