Power (mW)	Time (sek)
0.400238874	0.10125303268432617
0.400237041	0.13329219818115234
0.400258374	0.1699237823486328
0.400260644	0.2062842845916748
0.40025904300000004	0.236555814743042
0.400243793	0.2721109390258789
0.400259596	0.3206312656402588
0.400206016	0.36653566360473633
0.400197925	0.4164149761199951
0.40015403600000005	0.47597622871398926
0.400180812	0.4998350143432617
0.40021692999999997	0.5355949401855469
0.40022673799999997	0.5839135646820068
0.400260324	0.6357908248901367
0.40023092899999996	0.6933398246765137
0.400238612	0.7371280193328857
0.40019955500000004	0.7930035591125488
0.400232093	0.8162796497344971
0.400185731	0.8688032627105713
0.400198565	0.9159772396087646
0.400191231	0.9660260677337646
0.40022438000000005	1.0263950824737549
0.400187972	1.0661084651947021
0.400164339	1.102677583694458
0.400190329	1.1358563899993896
0.400158257	1.1712658405303955
0.40020578300000004	1.216630458831787
0.400213088	1.2709720134735107
0.400236662	1.316455602645874
0.400234509	1.3750641345977783
0.400249526	1.3996789455413818
0.40025281500000004	1.433039665222168
0.400227058	1.4666125774383545
0.400229328	1.5262846946716309
0.400208985	1.575061321258545
0.40021186599999997	1.626234769821167
0.400158606	1.676393985748291
0.400166697	1.6997795104980469
0.40019067799999997	1.7329144477844238
0.400176359	1.765960454940796
0.400210905	1.8248772621154785
0.400191231	1.866401195526123
0.400164339	1.9163501262664795
0.401804253	1.9661798477172852
0.40206484800000003	2.00402569770813
0.40227035099999997	2.0327374935150146
0.402025384	2.0771868228912354
0.402506703	2.12111759185791
0.402344333	2.1665031909942627
0.402215432	2.218264102935791
0.40238784299999997	2.2663891315460205
0.40263775700000004	2.299638032913208
0.402528036	2.3370718955993652
0.402860489	2.366244316101074
0.402361708	2.416224956512451
0.40228461099999996	2.476459503173828
0.40231325	2.52644944190979
0.40232364	2.566342830657959
0.40246985700000004	2.599816083908081
0.402456266	2.6330199241638184
0.402284291	2.6658425331115723
0.402624923	2.7162272930145264
0.402474718	2.7700893878936768
0.40505552899999997	2.8260409832000732
0.404783059	2.871281385421753
0.404397346	2.8994388580322266
0.404352148	2.9325993061065674
0.404559949	2.970407247543335
0.404894206	3.0252275466918945
0.404640392	3.0662572383880615
0.404562918	3.116391897201538
0.404672726	3.1663424968719482
0.40485869999999996	3.1996541023254395
0.405033352	3.2328903675079346
0.404484483	3.2770609855651855
0.40463492	3.3156352043151855
0.404693361	3.3665051460266113
0.404767896	3.4255948066711426
0.404659164	3.4670495986938477
0.40466661400000004	3.499122142791748
0.40478279699999997	3.5318477153778076
0.40480759299999997	3.5657951831817627
0.404816587	3.6216437816619873
0.404747319	3.6765201091766357
0.40476414099999997	3.7260189056396484
0.404752122	3.7657878398895264
0.40475791299999997	3.799365758895874
0.404740771	3.8358821868896484
0.404780847	3.8661956787109375
0.40481274500000003	3.916574001312256
0.40485611	3.9660964012145996
0.404843857	4.0162928104400635
0.404758583	4.076200723648071
0.404769497	4.099334478378296
0.404792867	4.137488126754761
0.40483175	4.175091028213501
0.404851773	4.216041803359985
0.40469883199999995	4.265674114227295
0.404665334	4.325989484786987
0.404652004	4.369775295257568
0.404748222	4.39923095703125
0.40473730799999996	4.432401418685913
0.40485285	4.47106671333313
0.404889579	4.52582049369812
0.40488407800000004	4.570858955383301
0.404896797	4.626140832901001
0.404788589	4.666224241256714
0.404735038	4.699047803878784
0.404709514	4.732689619064331
0.404805061	4.765898942947388
0.40485933999999996	4.815619468688965
0.40486935199999996	4.876948595046997
0.404826395	4.925687074661255
0.404738559	4.965431451797485
0.40477214499999997	5.003068685531616
0.40473757	5.032282114028931
0.404769322	5.076264381408691
0.404766673	5.118863821029663
0.40483928799999996	5.165893077850342
0.404920895	5.220991611480713
0.40481952600000004	5.275974750518799
0.404851919	5.299262046813965
0.404876075	5.332199811935425
0.40493169199999995	5.365662574768066
0.40490608100000003	5.415960311889648
0.404818857	5.466078281402588
0.40475867	5.527265787124634
0.40470168500000003	5.57505989074707
0.404720166	5.598910570144653
0.404719816	5.634595632553101
0.404774415	5.675656318664551
0.4047986	5.716062545776367
0.40486897299999997	5.76530647277832
0.404912193	5.8259437084198
0.404813763	5.865315914154053
0.404738938	5.899118661880493
0.40471149300000003	5.932931423187256
0.40475791299999997	5.97127628326416
0.404827384	6.015901803970337
0.40482732600000004	6.068881511688232
0.404882478	6.125967979431152
0.40486062100000003	6.165762186050415
0.404928054	6.199180841445923
0.404916063	6.232393503189087
0.404897699	6.266080141067505
0.404833409	6.325030326843262
0.404755323	6.365210056304932
0.40485675000000004	6.425594091415405
0.404856342	6.4762468338012695
0.404866412	6.503962516784668
0.404884166	6.53230094909668
0.404884777	6.565263509750366
0.40494671	6.62525200843811
0.404917373	6.665858030319214
0.404850172	6.7212629318237305
0.404723687	6.774538993835449
0.40472165	6.7990734577178955
0.404685299	6.83179783821106
0.404675287	6.875941753387451
0.404685503	6.915792226791382
0.404692051	6.965225458145142
0.404784107	7.025201320648193
0.40483471800000004	7.0657947063446045
0.40481129	7.098813772201538
0.404698862	7.134394645690918
0.40469624200000004	7.1653900146484375
0.404667517	7.215669393539429
0.40469144	7.276915788650513
0.404778868	7.31573224067688
0.40479828	7.365293025970459
0.404830585	7.39899206161499
0.404808263	7.432429790496826
0.404806342	7.4713499546051025
0.40480887400000004	7.526257276535034
0.40476961300000003	7.569700002670288
0.404783408	7.625912666320801
0.404737861	7.675839900970459
0.404735707	7.698590040206909
0.40473311700000003	7.732428073883057
0.404758903	7.774956703186035
0.404803141	7.8249592781066895
0.404795399	7.8751020431518555
0.404817023	7.925500154495239
0.40478303000000004	7.96597695350647
0.40479141199999996	8.0025053024292
0.404781691	8.032376527786255
0.404781516	8.075678586959839
0.404776016	8.125186204910278
0.404763763	8.165842056274414
0.40482540499999997	8.22605276107788
0.40481510200000004	8.265833616256714
0.40482706399999996	8.299060821533203
0.404789578	8.33167839050293
0.40478480499999997	8.365672588348389
0.404770835	8.420335054397583
0.404741499	8.476786851882935
0.404796971	8.525500774383545
0.404805003	8.57522439956665
0.404829596	8.598965883255005
0.404805003	8.635420799255371
0.404839666	8.665594816207886
0.404836377	8.716168403625488
0.40481274500000003	8.775032997131348
0.40484179000000003	8.825515270233154
0.404817925	8.874966144561768
0.40485060900000003	8.898656845092773
0.404859864	8.932266235351562
0.404858001	8.975090503692627
0.404864433	9.024787902832031
0.40479668	9.074899196624756
0.404793158	9.125406980514526
0.40476093999999996	9.169771909713745
0.40480445000000004	9.198362112045288
0.404786028	9.232065200805664
0.404782448	9.270776748657227
0.404748891	9.315515279769897
0.404706487	9.370595455169678
0.40475346	9.426005363464355
0.404779916	9.46541452407837
0.404819672	9.498725891113281
0.404805003	9.532148361206055
0.40482927599999996	9.565413475036621
0.404876162	9.615468978881836
0.40483434	9.676944017410278
0.404820516	9.725614547729492
0.404787308	9.765573740005493
0.404784892	9.802251815795898
0.404752966	9.831606388092041
0.404764927	9.875020503997803
0.404786028	9.925057649612427
0.40478919999999996	9.965291738510132
0.404826336	10.020571231842041
0.40482153400000004	10.066844940185547
0.404835446	10.098625898361206
0.404838211	10.1318678855896
0.404822495	10.16716456413269
0.404822204	10.219858169555664
0.404771214	10.265450716018677
0.40479828	10.325399160385132
0.404766877	10.370462894439697
0.404824736	10.39798903465271
0.404824328	10.43603515625
0.40485977700000003	10.475319147109985
0.404877443	10.525676250457764
0.404853432	10.574962854385376
0.404823804	10.625957012176514
0.404772087	10.675133466720581
0.40479440899999997	10.698383808135986
0.40476012499999997	10.732068061828613
0.404803752	10.770360946655273
0.404829596	10.815365552902222
0.404831808	10.868816375732422
0.404849648	10.925457239151001
0.404819235	10.969823360443115
0.404817023	10.998294115066528
0.404749211	11.032003402709961
0.404777616	11.074981212615967
0.404771592	11.124714612960815
0.40476856499999997	11.16519832611084
0.404810562	11.225192308425903
0.40481504399999996	11.275530099868774
0.404852442	11.298333883285522
0.404868595	11.338402271270752
0.404866412	11.375337839126587
0.40485803	11.424957513809204
0.4047947	11.475244998931885
0.40478698799999996	11.525023937225342
0.404755992	11.575077533721924
0.40477281400000004	11.602444410324097
0.404781516	11.631534099578857
0.404798513	11.675466775894165
0.404822495	11.72456669807434
0.40481824499999997	11.774960279464722
0.40483468899999997	11.824552297592163
0.404769875	11.875011920928955
0.404756051	11.898134231567383
0.404722086	11.931472063064575
0.40473917000000004	11.975277185440063
0.40477953699999997	12.018325090408325
0.404787861	12.07516622543335
0.404833409	12.125000953674316
0.404815743	12.174903154373169
0.404826627	12.198365688323975
0.404791179	12.236526489257812
0.404776016	12.27498459815979
0.404776103	12.325042963027954
0.40472048600000005	12.374986410140991
0.404753402	12.425317525863647
0.404744031	12.469880104064941
0.404807332	12.498072624206543
0.404802704	12.536754131317139
0.404822495	12.574486017227173
0.404807332	12.624868392944336
0.404771214	12.674537897109985
0.40478821	12.725451707839966
0.40474569	12.774514198303223
0.404775667	12.797903537750244
0.404733815	12.831432580947876
0.404769555	12.87710189819336
0.404776889	12.924885511398315
Power (dBm)
26.063515284310547