Power (mW)	Time (sek)
0.407778687	0.09090328216552734
0.407760934	0.11461949348449707
0.407780637	0.15193986892700195
0.40773669	0.20582294464111328
0.407739979	0.2558143138885498
0.40767993799999996	0.29741525650024414
0.407688698	0.3475806713104248
0.40764382	0.3978557586669922
0.407658052	0.4324464797973633
0.40763671900000004	0.4669828414916992
0.407657673	0.5077650547027588
0.40768116000000004	0.5493636131286621
0.40768928	0.5987915992736816
0.407732587	0.6474134922027588
0.40772641699999995	0.6975677013397217
0.407790096	0.7345876693725586
0.407785148	0.7643427848815918
0.407801301	0.7981245517730713
0.407819723	0.8575303554534912
0.407804822	0.899383544921875
0.407814863	0.9525330066680908
0.40778445	0.9973208904266357
0.40779484	1.031062126159668
0.407757325	1.0638747215270996
0.40773188800000004	1.0978343486785889
0.407729298	1.1518573760986328
0.407670246	1.1976947784423828
0.40768832	1.2477867603302002
0.407664746	1.307912826538086
0.407700281	1.3311731815338135
0.407706451	1.3687260150909424
0.407721294	1.4073808193206787
0.407745451	1.4472143650054932
0.407745392	1.4974851608276367
0.407813204	1.5479159355163574
0.407788903	1.601801872253418
0.407831627	1.6309483051300049
0.407816144	1.664271593093872
0.407820975	1.7030384540557861
0.407827436	1.7476654052734375
0.40778957200000004	1.8028855323791504
0.407816377	1.8566436767578125
0.40774809900000003	1.897536277770996
0.40771445500000003	1.930462121963501
0.407670188	1.9643478393554688
0.40768092699999997	1.9975011348724365
0.407683197	2.048086643218994
0.407654152	2.107962131500244
0.407722953	2.1473042964935303
0.407727697	2.1979079246520996
0.40777196400000004	2.2362401485443115
0.407764805	2.2640461921691895
0.407798099	2.29776930809021
0.407832558	2.349600315093994
0.40782836699999997	2.3977255821228027
0.407857704	2.449481725692749
0.407561223	2.507720708847046
0.407862623	2.530698776245117
0.40692038599999997	2.5638368129730225
0.408331049	2.5971853733062744
0.407456566	2.64766526222229
0.407750398	2.6972806453704834
0.407397019	2.747473955154419
0.407485029	2.8063242435455322
0.407870422	2.8305931091308594
0.406885258	2.864297389984131
0.40807834	2.907198429107666
0.406583073	2.947478771209717
0.407783489	2.9968130588531494
0.408463995	3.0554141998291016
0.40763276	3.102382183074951
0.40725604	3.1310131549835205
0.40695015900000003	3.164074659347534
0.407478539	3.2023377418518066
0.40774676	3.24717378616333
0.408320455	3.306859016418457
0.407734478	3.347693681716919
0.406485546	3.4025981426239014
0.40745909799999996	3.430551528930664
0.408167049	3.4635064601898193
0.407804269	3.497199058532715
0.40806946299999997	3.5474438667297363
0.407163141	3.5976154804229736
0.406800624	3.6475908756256104
0.407801301	3.7072434425354004
0.407994288	3.7303082942962646
0.407501764	3.7639808654785156
0.407624757	3.8069818019866943
0.406668638	3.8570621013641357
0.407333544	3.8977413177490234
0.408176857	3.946648120880127
0.40731515	3.998074531555176
0.40735609899999997	4.033513069152832
0.407762884	4.063557386398315
0.40761401799999997	4.107380390167236
0.407559593	4.146818161010742
0.406021485	4.1974098682403564
0.407557905	4.255362510681152
0.408832333	4.297342300415039
0.408148626	4.330852508544922
0.407835963	4.363739490509033
0.4072843	4.407646179199219
0.407283544	4.452846050262451
0.407857675	4.5078582763671875
0.407882966	4.547439336776733
0.407616666	4.596999406814575
0.407720916	4.630611896514893
0.407698535	4.66694974899292
0.40687422700000003	4.697099924087524
0.407096319	4.755704164505005
0.408104417	4.7969419956207275
0.408034102	4.847449541091919
0.407708634	4.907497882843018
0.407858141	4.930320978164673
0.40682771900000003	4.964090347290039
0.408329506	5.005730628967285
0.407005253	5.047152042388916
0.407287036	5.102189779281616
0.408732594	5.147449493408203
0.408454624	5.205968618392944
0.407794199	5.230247259140015
0.407429761	5.263607978820801
0.408368505	5.307161331176758
0.407275365	5.347166299819946
0.40808896299999997	5.397245407104492
0.408578606	5.446774482727051
0.407923682	5.4968483448028564
0.406584033	5.530308246612549
0.408764841	5.563756704330444
0.407063111	5.597231388092041
0.409393746	5.647264242172241
0.408277469	5.707435846328735
0.40790785	5.746884107589722
0.40866935200000004	5.797251462936401
0.40871714	5.836079835891724
0.407371001	5.863915920257568
0.40850017099999997	5.897514343261719
0.407680316	5.949964284896851
0.40862665600000003	5.997135639190674
0.408692198	6.051146507263184
0.408036314	6.107361555099487
0.407241256	6.130569696426392
0.408567314	6.163432836532593
0.407417479	6.205934047698975
0.408747146	6.247084379196167
0.407977612	6.296638488769531
0.408093445	6.347129821777344
0.408462714	6.4063379764556885
0.40832141499999997	6.430056571960449
0.407792919	6.466871023178101
0.40848463	6.507193088531494
0.407330255	6.546828508377075
0.408418564	6.596628904342651
0.40888635	6.655405044555664
0.408227032	6.706580877304077
0.40820520400000004	6.7300193309783936
0.40837423899999997	6.763773441314697
0.408435939	6.799243927001953
0.408540189	6.857098340988159
0.408139545	6.907913446426392
0.40814222299999997	6.947208404541016
0.408330117	7.002182483673096
0.408361055	7.030055284500122
0.408397871	7.064048528671265
0.408380845	7.097145318984985
0.40851091	7.154956817626953
0.408516964	7.197187185287476
0.40849921100000003	7.246504068374634
0.40844761	7.306613445281982
0.40846012400000004	7.3351593017578125
0.408480817	7.363777160644531
0.408515654	7.407108306884766
0.40849761	7.446516036987305
0.408479478	7.497046947479248
0.408510474	7.551452398300171
0.408478838	7.598689556121826
0.40854988	7.630030870437622
0.408545369	7.663500785827637
0.408523425	7.707198619842529
0.408447901	7.747117042541504
0.408359774	7.797150611877441
0.408344989	7.857430458068848
0.408281659	7.896671772003174
0.408323016	7.930065393447876
0.40831943600000004	7.966697931289673
0.40838596800000004	7.99711275100708
0.40839533899999997	8.04710602760315
0.40838454199999996	8.106745719909668
0.408395019	8.146955966949463
0.408357242	8.206392765045166
0.40836210199999995	8.229929447174072
0.40830680500000005	8.263487577438354
0.408316497	8.296211004257202
0.40830811499999997	8.355772256851196
0.408254884	8.396364688873291
0.408279739	8.447021245956421
0.408260064	8.50190544128418
0.408307096	8.529979228973389
0.40830619399999996	8.563745021820068
0.40831821399999996	8.605959177017212
0.408310065	8.648762464523315
0.40827327799999996	8.702220678329468
0.408295193	8.746710777282715
0.408272375	8.805546760559082
0.408272637	8.829807043075562
0.40825331200000003	8.863048553466797
0.40826818400000003	8.906987428665161
0.408319756	8.956659317016602
0.408351072	8.9967782497406
0.40842918699999997	9.055802822113037
0.408466032	9.106611490249634
0.408545049	9.13478684425354
0.408465276	9.163331270217896
0.40843829600000003	9.1967453956604
0.408410066	9.246268033981323
0.408333901	9.308007717132568
0.408344902	9.35204291343689
0.408257794	9.396737337112427
0.40825389399999995	9.429924964904785
0.408250955	9.462880373001099
0.408314867	9.496710538864136
0.408293941	9.548980236053467
0.408222229	9.596522092819214
0.408322318	9.646720170974731
0.40828617100000003	9.706581830978394
0.408246153	9.729839563369751
0.408195105	9.768032312393188
0.408216816	9.806585788726807
0.40823713100000003	9.856680393218994
0.408279739	9.89628791809082
0.408311695	9.94669222831726
0.408272637	9.999517440795898
0.40829231099999996	10.030039548873901
0.40827004699999997	10.066931009292603
0.40826754400000004	10.100817441940308
0.408235181	10.155070781707764
0.408181921	10.201532363891602
0.40819906300000003	10.255636215209961
0.40818282300000003	10.296960353851318
0.40821865	10.329468250274658
0.40820802700000003	10.363481283187866
0.40824041899999997	10.40674877166748
0.408262305	10.45584225654602
0.408279448	10.506650686264038
0.408339722	10.555795431137085
0.408316497	10.6066415309906
0.408311374	10.634243488311768
0.408288761	10.66287088394165
0.408312684	10.696615934371948
0.408311695	10.74902057647705
0.40824982	10.796538591384888
0.40825270100000005	10.848863124847412
0.408238819	10.906522274017334
0.408314576	10.92990756034851
0.40831297499999997	10.962577104568481
0.408304913	11.006634950637817
0.40830296299999996	11.055834531784058
0.408252934	11.105748891830444
0.408274587	11.154961347579956
0.40823716	11.206485271453857
0.408270367	11.22944164276123
0.408257183	11.263502359390259
0.40830526300000003	11.30762791633606
0.40835008300000003	11.354969263076782
0.408351741	11.396052598953247
0.408375374	11.455039978027344
0.40838134	11.500562191009521
0.408415362	11.52924370765686
0.408360444	11.563194990158081
0.408379186	11.600857973098755
0.40834682299999997	11.655051469802856
0.408311054	11.70662236213684
0.408333377	11.755905151367188
0.408318156	11.8064284324646
0.40831783600000005	11.829052448272705
0.408276159	11.86315393447876
0.408309075	11.896312713623047
0.40833881899999996	11.955965042114258
0.408350752	11.996628999710083
0.40838017600000004	12.055748462677002
0.408356194	12.106283903121948
0.40838046699999997	12.129732847213745
0.40836789399999995	12.162803411483765
0.40838011799999996	12.2061026096344
0.408380845	12.248458862304688
0.40834909300000005	12.296264410018921
0.40840538	12.351808786392212
0.40839854	12.396776676177979
0.40841338299999996	12.4294593334198
0.408376538	12.467280387878418
0.40840942500000005	12.506449222564697
0.40841143300000005	12.55498194694519
0.408331398	12.596057176589966
0.408345193	12.655439853668213
0.40828491899999997	12.705641984939575
0.408313645	12.729374647140503
0.408311433	12.762482166290283
0.408377295	12.795917272567749
0.408401451	12.857160568237305
0.40841239399999996	12.906692504882812
Power (dBm)
26.10705298236603