Power (mW)	Time (sek)
0.43076984	0.08208179473876953
0.430776272	0.11432456970214844
0.43075945	0.14950108528137207
0.43077173199999996	0.19877099990844727
0.43076599800000004	0.25012636184692383
0.430759217	0.30016183853149414
0.430739252	0.3474898338317871
0.430747576	0.40088653564453125
0.43075397800000004	0.4307565689086914
0.43076853	0.4620697498321533
0.430765911	0.5012383460998535
0.43077569	0.5475354194641113
0.43076693	0.5998749732971191
0.43074117300000003	0.647409200668335
0.43076850099999997	0.7008864879608154
0.430754735	0.7312960624694824
0.430755259	0.7574419975280762
0.430750137	0.7976226806640625
0.430761138	0.8476302623748779
0.43076364100000003	0.9020028114318848
0.430760119	0.9473531246185303
0.430755666	0.9976997375488281
0.43075432799999996	1.0330307483673096
0.43075718	1.0633673667907715
0.430758839	1.0978355407714844
0.430762069	1.1504065990447998
0.430755026	1.1973192691802979
0.43074815800000005	1.2469394207000732
0.43075854799999996	1.2975873947143555
0.430752058	1.3304293155670166
0.430736603	1.363945722579956
0.430778833	1.413879632949829
0.430751155	1.4638798236846924
0.430773041	1.5142097473144531
0.43078439199999996	1.5637497901916504
0.430863089	1.6192667484283447
0.430776272	1.647458553314209
0.430751068	1.6974670886993408
0.430730724	1.7474555969238281
0.430789485	1.7973294258117676
0.430761807	1.8566009998321533
0.43069466500000003	1.897010087966919
0.430707558	1.9302873611450195
0.43075234900000003	1.9639594554901123
0.430780201	2.0136537551879883
0.430763059	2.064091205596924
0.430764339	2.1213104724884033
0.430723652	2.164109945297241
0.430810527	2.2132997512817383
0.430753425	2.247380018234253
0.43074530499999997	2.2995693683624268
0.430669403	2.3500726222991943
0.430684566	2.397371292114258
0.43068465300000003	2.447019577026367
0.430745975	2.497502326965332
0.430747634	2.530458450317383
0.430745044	2.5638022422790527
0.430971268	2.613525629043579
0.431026157	2.664044141769409
0.430988439	2.7140557765960693
0.43082088799999996	2.7638721466064453
0.43092487599999996	2.813547134399414
0.431012566	2.847301721572876
0.431115215	2.897374391555786
0.431121618	2.949540376663208
0.431218534	2.997201681137085
0.431052584	3.050159454345703
0.430915738	3.097618579864502
0.430773332	3.130350351333618
0.430792075	3.1662216186523438
0.430817978	3.21380615234375
0.430837012	3.2677621841430664
0.430846034	3.3134653568267822
0.430779502	3.3635661602020264
0.430781773	3.414048194885254
0.43075718	3.446934223175049
0.430767541	3.500141143798828
0.43077464200000004	3.5470657348632812
0.430833694	3.600177526473999
0.430805609	3.647169828414917
0.430840213	3.7026987075805664
0.43081637700000003	3.7304837703704834
0.430820859	3.7631967067718506
0.43078314	3.8177618980407715
0.43078439199999996	3.8638341426849365
0.430815446	3.9185497760772705
0.430810818	3.9649810791015625
0.4308676	4.012950897216797
0.430864136	4.046799898147583
0.430876651	4.097062826156616
0.43085051599999996	4.146851062774658
0.43088084200000004	4.198263645172119
0.43084836200000004	4.24666166305542
0.430861168	4.2972681522369385
0.430807006	4.330756664276123
0.430836051	4.363574266433716
0.430841814	4.413352727890015
0.43081661	4.463366746902466
0.43080592900000003	4.513886213302612
0.430795742	4.5635247230529785
0.430792075	4.613719940185547
0.430786895	4.649641513824463
0.430818647	4.69687032699585
0.43078142300000005	4.747051000595093
0.430857588	4.796882629394531
0.43079664500000003	4.846967935562134
0.43084830399999996	4.903071403503418
0.43081026499999997	4.930236577987671
0.430809596	4.963748455047607
0.43081445599999996	5.0133397579193115
0.430803804	5.063765525817871
0.430845656	5.113737106323242
0.430836633	5.163383960723877
0.430874119	5.21340537071228
0.430861925	5.246812343597412
0.43085034099999997	5.302417516708374
0.430837012	5.3479344844818115
0.430949032	5.396912336349487
0.430988672	5.447177171707153
0.430978078	5.4972124099731445
0.430877961	5.529937744140625
0.430809887	5.563522815704346
0.430818967	5.613639831542969
0.43083154	5.663223743438721
0.430853426	5.713709592819214
0.430826651	5.763466835021973
0.430861546	5.8194215297698975
0.430914806	5.849058628082275
0.43093774	5.896831035614014
0.43086957899999995	5.949570655822754
0.43089379299999997	5.996553421020508
0.43089021299999997	6.050412654876709
0.430904096	6.096441030502319
0.43084472399999996	6.130414009094238
0.430862478	6.164794206619263
0.43082764	6.196838617324829
0.430812186	6.246853828430176
0.430804415	6.300097465515137
0.43077342	6.346751928329468
0.43081250600000004	6.396201133728027
0.43077464200000004	6.430341482162476
0.430789863	6.463862180709839
0.43082147	6.513294219970703
0.43081346699999995	6.563539028167725
0.430803746	6.613662004470825
0.430810876	6.663769006729126
0.430822489	6.713230133056641
0.430798827	6.751774311065674
0.430801767	6.796108961105347
0.430780405	6.84627628326416
0.43078797199999996	6.896633625030518
0.43074568399999996	6.946445941925049
0.430758228	6.996330738067627
0.430714019	7.029702186584473
0.43073890299999995	7.0634753704071045
0.430695538	7.113518238067627
0.430707179	7.163057565689087
0.430711458	7.2133989334106445
0.430707558	7.263293743133545
0.430733024	7.313472032546997
0.430720131	7.351070165634155
0.430746644	7.396553993225098
0.430713582	7.449847936630249
0.43072813400000004	7.4966208934783936
0.43071203999999996	7.546447515487671
0.43073171400000004	7.5963523387908936
0.430707558	7.630352258682251
0.43073171400000004	7.6643760204315186
0.430698507	7.696250915527344
0.430706277	7.746699810028076
0.43071946099999997	7.796277046203613
0.43071105	7.846698522567749
0.430737826	7.898576021194458
0.430698798	7.929886102676392
0.430711138	7.96302342414856
0.430697575	8.013132333755493
0.43071724899999997	8.0633065700531
0.430687913	8.112951755523682
0.430705579	8.16317892074585
0.430705288	8.213141918182373
0.430715969	8.246481657028198
0.430705579	8.299821615219116
0.430713349	8.350086450576782
0.430722954	8.39649748802185
0.43070595700000003	8.446298837661743
0.43072569	8.496577501296997
0.430712418	8.529695272445679
0.430736283	8.563072204589844
0.430703687	8.612749576568604
0.43072112	8.663149118423462
0.43070467700000004	8.713063478469849
0.430721731	8.763072967529297
0.430688116	8.812813758850098
0.430692715	8.849731683731079
0.430687884	8.89649248123169
0.430689746	8.94950795173645
0.430697895	8.996395587921143
0.430705579	9.04950737953186
0.430732412	9.09654188156128
0.430736603	9.129945039749146
0.43076364100000003	9.166123867034912
0.430743705	9.213238954544067
0.430764398	9.266955614089966
0.430763321	9.313140153884888
0.430781074	9.365554809570312
0.430752058	9.414546251296997
0.43076466	9.448356628417969
0.43074789599999996	9.497568607330322
0.430733024	9.549353837966919
0.43072694100000003	9.59600043296814
0.430727465	9.648378372192383
0.43073631199999995	9.697422742843628
0.43074222	9.731613874435425
0.43074210399999996	9.762932777404785
0.430745655	9.800202131271362
0.430758839	9.849892616271973
0.430749787	9.89950704574585
0.430754968	9.949519872665405
0.43072510700000005	10.000703573226929
0.430745276	10.029989957809448
0.430729502	10.060878276824951
0.430753658	10.102271318435669
0.43073110299999995	10.149700164794922
0.43072694100000003	10.19970965385437
0.43075397800000004	10.249776601791382
0.430731801	10.300960302352905
0.430734595	10.330438137054443
0.43072633000000005	10.361134767532349
0.430745975	10.396027565002441
0.430743006	10.450443983078003
0.430726534	10.500756740570068
0.43074210399999996	10.545866012573242
0.43073087	10.597115278244019
0.430748245	10.631615161895752
0.43072176	10.66203260421753
0.43073657400000004	10.700467586517334
0.430737913	10.750173091888428
0.430698128	10.79993200302124
0.430730724	10.8500816822052
0.43069329700000003	10.902493238449097
0.43071724899999997	10.933778285980225
0.430730404	10.964272022247314
0.43073209199999996	11.000823736190796
0.430736283	11.0499587059021
0.43071046799999996	11.099831819534302
0.430741318	11.14946174621582
0.430706859	11.20095157623291
0.430735905	11.229845523834229
0.43072112	11.262264013290405
0.430699496	11.312839031219482
0.43072205199999997	11.362327337265015
0.43068843700000004	11.41227126121521
0.430706888	11.466854572296143
0.43067525300000004	11.512709379196167
0.43070566600000004	11.546296119689941
0.430667191	11.595956802368164
0.43069035699999997	11.64619255065918
0.43068584600000004	11.69605803489685
0.430694316	11.746186017990112
0.43069466500000003	11.795787334442139
0.430705288	11.829371929168701
0.430707238	11.862184286117554
0.430674554	11.91257643699646
0.43068843700000004	11.96272587776184
0.430657208	12.01243782043457
0.430680055	12.07849931716919
0.430659158	12.122264862060547
0.43066358200000004	12.145474672317505
0.430668093	12.19825530052185
0.430687534	12.245991706848145
0.430660701	12.296005249023438
0.43066917	12.345868825912476
0.430652028	12.396029710769653
0.430697255	12.429314374923706
0.43069242399999996	12.462376594543457
0.43066428	12.515621662139893
0.430700486	12.562522411346436
0.43069780799999996	12.61267352104187
0.430708198	12.662611961364746
0.430675922	12.712632894515991
0.43071302899999997	12.748689413070679
0.430690183	12.795361995697021
0.430725951	12.849727869033813
0.430692395	12.896138668060303
0.43073151	12.949964761734009
0.43071046799999996	13.000874519348145
0.43072926899999997	13.02925968170166
0.43071174900000003	13.061973333358765
0.430714659	13.112593412399292
0.43074434500000003	13.166461944580078
0.43070845999999996	13.212493419647217
0.430731132	13.265576601028442
0.43071722	13.312468528747559
0.430748245	13.346057176589966
0.43070587000000005	13.395982265472412
0.430726242	13.447388172149658
0.430699787	13.497418403625488
0.430738874	13.545945167541504
0.430726854	13.595541715621948
0.430743006	13.62936282157898
Power (dBm)
26.342420564024223