Power (mW)	Time (sek)
0.432650471	0.08035707473754883
0.43265457500000004	0.11149168014526367
0.432639499	0.14716768264770508
0.432648609	0.1929771900177002
0.432623638	0.2381751537322998
0.432624336	0.28834033012390137
0.432622997	0.33870792388916016
0.432632689	0.3886995315551758
0.43260687400000003	0.4216148853302002
0.43262238599999997	0.4530472755432129
0.432604953	0.48394060134887695
0.432596949	0.5392329692840576
0.432619214	0.5922846794128418
0.432583998	0.640387773513794
0.432600384	0.6882784366607666
0.432583009	0.714909553527832
0.43260687400000003	0.7447333335876465
0.432578236	0.7888357639312744
0.432580127	0.8413708209991455
0.432593748	0.8906195163726807
0.432575005	0.9412472248077393
0.432587141	0.9882614612579346
0.43256778700000004	1.0214648246765137
0.43259369000000003	1.0472376346588135
0.43257372499999996	1.0884530544281006
0.432572735	1.141446590423584
0.43259369000000003	1.1883742809295654
0.432579138	1.2384986877441406
0.432589179	1.2883474826812744
0.432559405	1.3219106197357178
0.432579836	1.3494677543640137
0.43256068599999997	1.3934071063995361
0.432560773	1.4386427402496338
0.432594301	1.488109827041626
0.43256912599999997	1.5393974781036377
0.432581699	1.589808702468872
0.43256976599999997	1.6217033863067627
0.432573637	1.6450181007385254
0.432569592	1.6879055500030518
0.432585919	1.7384400367736816
0.43259823000000003	1.7911596298217773
0.432564033	1.8387892246246338
0.432206376	1.8831956386566162
0.43205556	1.9216992855072021
0.43207302200000003	1.944657564163208
0.432043627	1.9827687740325928
0.43202785299999996	2.038459062576294
0.43202785299999996	2.0821917057037354
0.43198783500000004	2.13797664642334
0.431971624	2.1941285133361816
0.431948691	2.2212600708007812
0.431993336	2.255049467086792
0.43195299800000003	2.2883341312408447
0.431942171	2.3394651412963867
0.431946479	2.388249158859253
0.431917055	2.437871217727661
0.43193608899999997	2.4885361194610596
0.43192924899999996	2.519376039505005
0.431965134	2.5446157455444336
0.431940309	2.5880210399627686
0.43194418	2.6333696842193604
0.431950961	2.6883885860443115
0.431923807	2.732947587966919
0.43193801	2.7880585193634033
0.431929016	2.8218319416046143
0.431963912	2.8455305099487305
0.431954482	2.8879809379577637
0.431993336	2.9374966621398926
0.432034925	2.9931139945983887
0.432042638	3.038135290145874
0.43201609500000004	3.0884463787078857
0.43198713699999997	3.121804714202881
0.432011992	3.145312786102295
0.431964203	3.1819989681243896
0.43195215400000003	3.237891435623169
0.431965833	3.2878916263580322
0.431958411	3.338336944580078
0.431975204	3.393388271331787
0.431957422	3.421706438064575
0.431983179	3.454808473587036
0.43194904	3.488154411315918
0.43195521000000003	3.538259506225586
0.43197610599999997	3.5831336975097656
0.431935128	3.641120433807373
0.431953842	3.691887617111206
0.431931927	3.721141815185547
0.431961613	3.744288206100464
0.43193801	3.7927210330963135
0.43195977900000004	3.838235855102539
0.431985536	3.891435384750366
0.43194775900000004	3.938131332397461
0.431976805	3.988456964492798
0.43196551299999997	4.021369457244873
0.431989727	4.044555187225342
0.431967404	4.092730283737183
0.431957189	4.138359308242798
0.431972294	4.18817663192749
0.431938068	4.238185882568359
0.431974506	4.288174152374268
0.431932218	4.318454742431641
0.431970635	4.344977140426636
0.431935128	4.388096332550049
0.43195035000000004	4.437677621841431
0.43196551299999997	4.488177537918091
0.43195553	4.534074544906616
0.431991939	4.587800025939941
0.431991939	4.621577024459839
0.43202648499999996	4.644454002380371
0.431976485	4.687729835510254
0.43196778300000005	4.737940073013306
0.431987399	4.7913830280303955
0.431955908	4.838070869445801
0.431988388	4.8875815868377686
0.431957829	4.92136812210083
0.431991648	4.944177627563477
0.431963243	4.9877402782440186
0.43196475599999995	5.04316782951355
0.431980006	5.087901830673218
0.43194720600000003	5.1379218101501465
0.431980297	5.183024883270264
0.431955094	5.221386909484863
0.431992172	5.244536638259888
0.43197747400000003	5.281646251678467
0.43197817299999997	5.337914943695068
0.432000408	5.382082462310791
0.431961642	5.44366717338562
0.431970373	5.488016366958618
0.431945169	5.521042823791504
0.431988767	5.544011831283569
0.431958411	5.590104818344116
0.43195521000000003	5.637891054153442
0.431965833	5.688015937805176
0.43194904	5.740786075592041
0.431969413	5.78764271736145
0.431936787	5.821363687515259
0.43196138	5.844342947006226
0.43193349799999997	5.888046503067017
0.431930297	5.933311700820923
0.431957131	5.990816354751587
0.431950641	6.0329179763793945
0.431989727	6.087998628616333
0.43194709	6.121393203735352
0.43196839400000003	6.1441967487335205
0.431928638	6.188007831573486
0.431932189	6.243351459503174
0.431944849	6.287840843200684
0.431920955	6.337947368621826
0.43197482600000003	6.387831449508667
0.431930617	6.4218220710754395
0.431958033	6.444233179092407
0.431918568	6.4903342723846436
0.431927037	6.537887334823608
0.431937369	6.587655782699585
0.431910186	6.637959003448486
0.43192427299999997	6.687727212905884
0.43189889400000003	6.716761589050293
0.431923603	6.743869304656982
0.431897701	6.781830549240112
0.431897031	6.837838888168335
0.431929948	6.882664442062378
0.431881839	6.940223455429077
0.43189802099999997	6.982288599014282
0.431869674	7.020713567733765
0.431890599	7.043985843658447
0.431856024	7.088150978088379
0.431840628	7.137797594070435
0.431877706	7.1910481452941895
0.43184252	7.237812042236328
0.431866443	7.287908315658569
0.431836757	7.320926666259766
0.431866152	7.344109773635864
0.43183862	7.387925863265991
0.431826746	7.442840337753296
0.431869033	7.487802982330322
0.431834836	7.543032169342041
0.43186955699999996	7.587816953659058
0.43184869	7.620804786682129
0.431875378	7.643905401229858
0.43184772899999996	7.689768314361572
0.43183993000000004	7.740047216415405
0.431866007	7.787601709365845
0.43183667	7.837861061096191
0.431867666	7.887666940689087
0.43184025	7.914383888244629
0.431866298	7.9472339153289795
0.431839959	7.987860679626465
0.43183864899999996	8.038065910339355
0.431866822	8.087981939315796
0.43184374200000003	8.140035152435303
0.43187706600000003	8.187247514724731
0.431827299	8.2208571434021
0.43186705400000003	8.24427843093872
0.431842549	8.287344694137573
0.43183285699999996	8.337758779525757
0.431866385	8.391117095947266
0.431823719	8.437832355499268
0.431858294	8.482902526855469
0.43183084899999996	8.520727634429932
0.431855413	8.544314622879028
0.43183864899999996	8.58258843421936
0.431834749	8.643310308456421
0.431851222	8.682835578918457
0.431824446	8.73733377456665
0.431864086	8.782651901245117
0.431817927	8.820667266845703
0.431859604	8.843835830688477
0.431825145	8.890622615814209
0.431826076	8.937119960784912
0.431848923	8.98751950263977
0.431821187	9.03720498085022
0.431841472	9.08731198310852
0.43183055800000003	9.114725589752197
0.431844732	9.143550157546997
0.431825378	9.187135219573975
0.431820663	9.237415552139282
0.431854103	9.28754210472107
0.431819644	9.337270498275757
0.43185218200000003	9.38707685470581
0.431815773	9.4208083152771
0.431837369	9.44352102279663
0.431826047	9.487505197525024
0.431819004	9.553184509277344
0.431847642	9.603812217712402
0.431805354	9.660072803497314
0.43184350899999996	9.709742307662964
0.431814406	9.74056339263916
0.431835128	9.790432453155518
0.43181059299999996	9.843161344528198
0.431810913	9.887377977371216
0.431790802	9.93727731704712
0.431820285	9.987253189086914
0.431786611	10.020604133605957
0.431819353	10.0525062084198
0.431803754	10.093088150024414
0.431804481	10.137561798095703
0.431815773	10.187023878097534
0.431785738	10.24307131767273
0.431816414	10.287055015563965
0.431798951	10.320819854736328
0.431808003	10.344004392623901
0.431805034	10.387083530426025
0.43179217	10.437464952468872
0.431817374	10.491277694702148
0.431791559	10.543091773986816
0.43180963299999997	10.582462072372437
0.431797351	10.62056589126587
0.43181126200000003	10.643901586532593
0.431806402	10.681682825088501
0.431802735	10.740813255310059
0.431834516	10.787199974060059
0.431799301	10.83730936050415
0.431840599	10.887378692626953
0.431808934	10.920547723770142
0.431839027	10.943626403808594
0.431822555	10.990016460418701
0.431813562	11.043007135391235
0.431824708	11.087236404418945
0.431816617	11.136950731277466
0.431843451	11.190709829330444
0.43182546499999996	11.22284722328186
0.431837369	11.243613958358765
0.431825436	11.287325382232666
0.431819004	11.336848497390747
0.43184153000000003	11.387286186218262
0.431820255	11.442533254623413
0.43184284	11.487223863601685
0.431831868	11.520665407180786
0.431853899	11.543444871902466
0.43183733900000004	11.587141513824463
0.43183536	11.632080078125
0.431849243	11.691094875335693
0.431835128	11.74106240272522
0.43185576200000003	11.786941528320312
0.431830878	11.820619821548462
0.431858964	11.849073886871338
0.431829569	11.8870370388031
0.431841327	11.940558195114136
0.431863242	11.986883878707886
0.43184321800000003	12.037051439285278
0.431866996	12.086914300918579
0.431844208	12.120604991912842
0.431856693	12.143819570541382
0.431853783	12.181716442108154
0.431854103	12.24287223815918
0.43185745	12.286844253540039
0.4318477	12.337044477462769
0.431862252	12.386726140975952
0.43184284	12.422478437423706
0.431862165	12.44365668296814
0.431857858	12.486713171005249
0.431841618	12.536973237991333
0.431863475	12.589069128036499
0.43184030799999995	12.642838954925537
0.43185576200000003	12.690633058547974
0.431853783	12.720520496368408
0.431871857	12.7436044216156
0.431861263	12.781315565109253
0.431864464	12.83698582649231
0.431881897	12.890109300613403
0.431851659	12.937042951583862
Power (dBm)
26.354776663077935