Power (mW)	Time (sek)
0.660455786	0.11327576637268066
0.6604357040000001	0.11327576637268066
0.660430174	0.11327576637268066
0.660417369	0.11327576637268066
0.660455495	0.11327576637268066
0.660497986	0.11327576637268066
0.660536753	0.11327576637268066
0.660608639	0.11327576637268066
0.660694845	0.11327576637268066
0.660720863	0.11327576637268066
0.6607758109999999	0.11327576637268066
0.660813705	0.11327576637268066
0.660847756	0.11327576637268066
0.6608953120000001	0.11327576637268066
0.6608908299999999	0.11327576637268066
0.660881458	0.11327576637268066
0.660853228	0.11327576637268066
0.66084729	0.11327576637268066
0.6608868720000001	0.11327576637268066
0.660944614	0.11327576637268066
0.661028083	0.11327576637268066
0.661216036	0.11327576637268066
0.661306374	0.11327576637268066
0.66136691	0.11327576637268066
0.6614316370000001	0.11327576637268066
0.661495957	0.11327576637268066
0.661491125	0.11327576637268066
0.661536236	0.11327576637268066
0.6615745949999999	0.11327576637268066
0.661549508	0.11327576637268066
0.6615241289999999	0.11327576637268066
0.661518716	0.11327576637268066
0.661455502	0.11327576637268066
0.66139322	0.11327576637268066
0.661347585	0.11327576637268066
0.6612790749999999	0.11327576637268066
0.661313592	0.11327576637268066
0.66140655	0.11327576637268066
0.661483908	0.11327576637268066
0.6616436290000001	0.11327576637268066
0.661848346	0.11327576637268066
0.662066392	0.11327576637268066
0.662267033	0.11327576637268066
0.6623388619999999	0.11327576637268066
0.6623585359999999	0.11327576637268066
0.662206148	0.11327576637268066
0.661912607	0.11327576637268066
0.662176521	0.11327576637268066
0.662851729	0.11327576637268066
0.662858889	0.11327576637268066
0.6625983510000001	0.11327576637268066
0.662107894	0.11327576637268066
0.662020233	0.11327576637268066
0.6629641869999999	0.11327576637268066
0.66321349	0.11327576637268066
0.663271232	0.11327576637268066
0.663323677	0.11327576637268066
0.663225306	0.11327576637268066
0.6630791469999999	0.11327576637268066
0.66310371	0.11327576637268066
0.663283165	0.11327576637268066
0.662993523	0.11327576637268066
0.663144805	0.11327576637268066
0.6631686120000001	0.11327576637268066
0.6629406130000001	0.11327576637268066
0.662425708	0.11327576637268066
0.661651371	0.11327576637268066
0.66203106	0.11327576637268066
0.662897772	0.11327576637268066
0.660184829	0.11327576637268066
0.6569843390000001	0.11327576637268066
0.6541559119999999	0.11327576637268066
0.650185684	0.11327576637268066
0.644845073	0.11327576637268066
0.646476634	0.11327576637268066
0.642990402	0.11327576637268066
0.633006042	0.11327576637268066
0.629636634	0.11327576637268066
0.6290191669999999	0.11327576637268066
0.629567541	0.11327576637268066
0.6317162190000001	0.11327576637268066
0.631792704	0.11327576637268066
0.624031527	0.11327576637268066
0.620762992	0.11327576637268066
0.619415659	0.11327576637268066
0.617680606	0.11327576637268066
0.6181010979999999	0.11327576637268066
0.618525082	0.11327576637268066
0.609570008	0.11327576637268066
0.598793617	0.11327576637268066
0.587630959	0.11327576637268066
0.5748856929999999	0.11327576637268066
0.570768665	0.11327576637268066
0.566039176	0.11327576637268066
0.550259603	0.11327576637268066
0.528240111	0.11327576637268066
0.510259531	0.11327576637268066
0.496233348	0.11327576637268066
0.489519327	0.11327576637268066
0.49603811900000006	0.11327576637268066
0.502719486	0.11327576637268066
0.5108289189999999	0.11327576637268066
0.5090342019999999	0.11327576637268066
0.511113671	0.11327576637268066
0.5153592210000001	0.11327576637268066
0.523836061	0.11327576637268066
0.525136304	0.11327576637268066
0.522295304	0.11327576637268066
0.521204609	0.11327576637268066
0.5233092819999999	0.11327576637268066
0.523191411	0.11327576637268066
0.526402961	0.11327576637268066
0.524174422	0.11327576637268066
0.520763628	0.11327576637268066
0.5199578589999999	0.11327576637268066
0.518726069	0.11327576637268066
0.512734521	0.11327576637268066
0.5116727550000001	0.11327576637268066
0.512891391	0.11327576637268066
0.5126419130000001	0.11327576637268066
0.514793908	0.11327576637268066
0.515061955	0.11327576637268066
0.512967585	0.11327576637268066
0.519868801	0.11327576637268066
0.533720944	0.11327576637268066
0.54332841	0.11327576637268066
0.554974482	0.11327576637268066
0.5576440020000001	0.11327576637268066
0.5598078129999999	0.11327576637268066
0.564854592	0.11327576637268066
0.57824445	0.11327576637268066
0.600842701	0.11327576637268066
0.6220355280000001	0.11327576637268066
0.6266581480000001	0.11327576637268066
0.626192894	0.11327576637268066
0.625618617	0.11327576637268066
0.625573448	0.11327576637268066
0.630859402	0.11327576637268066
0.6407051699999999	0.11327576637268066
0.640115526	0.11327576637268066
0.636290526	0.11327576637268066
0.633602962	0.11327576637268066
0.63314609	0.11327576637268066
0.633574906	0.11327576637268066
0.636963348	0.11327576637268066
0.638804748	0.11327576637268066
0.636340643	0.11327576637268066
0.634710246	0.11327576637268066
0.63659373	0.11327576637268066
0.641356339	0.11327576637268066
0.644049898	0.11327576637268066
0.642485975	0.11327576637268066
0.643982727	0.11327576637268066
0.645244902	0.11327576637268066
0.647470588	0.11327576637268066
0.650806818	0.11327576637268066
0.657920784	0.11327576637268066
0.660715101	0.11327576637268066
0.65084605	0.11327576637268066
0.646187109	0.11327576637268066
0.6541746549999999	0.11327576637268066
0.652387447	0.11327576637268066
0.6506589119999999	0.11327576637268066
0.653472205	0.11327576637268066
0.656073971	0.11327576637268066
0.655265467	0.11327576637268066
0.653186697	0.11327576637268066
0.654409057	0.11327576637268066
0.6561573829999999	0.11327576637268066
0.6578611209999999	0.11327576637268066
0.658911711	0.11327576637268066
0.6582632780000001	0.11327576637268066
0.659819809	0.11327576637268066
0.6605725499999999	0.11327576637268066
0.660848629	0.11327576637268066
0.661349681	0.11327576637268066
0.6617869949999999	0.11327576637268066
0.661634083	0.11327576637268066
0.660808582	0.11327576637268066
0.660110614	0.11327576637268066
0.6603521179999999	0.11327576637268066
0.66092005	0.11327576637268066
0.661082508	0.11327576637268066
0.661241822	0.11327576637268066
0.661382859	0.11327576637268066
0.661343685	0.11327576637268066
0.661190425	0.11327576637268066
0.661462254	0.11327576637268066
0.661745551	0.11327576637268066
0.661880593	0.11327576637268066
0.6621071949999999	0.11327576637268066
0.6623087679999999	0.11327576637268066
0.6623236109999999	0.11327576637268066
0.66193915	0.11327576637268066
0.661840197	0.11327576637268066
0.661748694	0.11327576637268066
0.66166016	0.11327576637268066
0.6616365280000001	0.11327576637268066
0.66181412	0.11327576637268066
0.661695027	0.11327576637268066
0.66099409	0.11327576637268066
0.660353107	0.11327576637268066
0.6600056080000001	0.11327576637268066
0.660011254	0.11327576637268066
0.6600151540000001	0.11327576637268066
0.6599175979999999	0.11327576637268066
0.659853453	0.11327576637268066
0.6597907630000001	0.11327576637268066
0.6600707419999999	0.11327576637268066
0.660080346	0.11327576637268066
0.660108577	0.11327576637268066
0.660242629	0.11327576637268066
0.660436752	0.11327576637268066
0.660457299	0.11327576637268066
0.6600709170000001	0.11327576637268066
0.659699144	0.11327576637268066
0.659340061	0.11327576637268066
0.659150071	0.11327576637268066
0.659053738	0.11327576637268066
0.658873294	0.11327576637268066
0.658495526	0.11327576637268066
0.658196746	0.11327576637268066
0.657979341	0.11327576637268066
0.657623168	0.11327576637268066
0.6573823630000001	0.11327576637268066
0.657065015	0.11327576637268066
0.656809949	0.11327576637268066
0.656508142	0.11327576637268066
0.655987475	0.11327576637268066
0.655829208	0.11327576637268066
0.6556586600000001	0.11327576637268066
0.655619719	0.11327576637268066
0.65557746	0.11327576637268066
0.65551704	0.11327576637268066
0.65558654	0.11327576637268066
0.6558130839999999	0.11327576637268066
0.656123506	0.11327576637268066
0.656287069	0.11327576637268066
0.6562953349999999	0.11327576637268066
0.6561815390000001	0.11327576637268066
0.656120828	0.11327576637268066
0.656387419	0.11327576637268066
0.6569210670000001	0.11327576637268066
0.657287717	0.11327576637268066
0.657257566	0.11327576637268066
0.657223747	0.11327576637268066
0.657152501	0.11327576637268066
0.6570417900000001	0.11327576637268066
0.656891323	0.11327576637268066
0.656799064	0.11327576637268066
0.656765478	0.11327576637268066
0.656341319	0.11327576637268066
0.6560166949999999	0.11327576637268066
0.655768265	0.11327576637268066
0.6555313589999999	0.11327576637268066
0.655166979	0.11327576637268066
0.654704694	0.11327576637268066
0.654354051	0.11327576637268066
0.653771218	0.11327576637268066
0.653449795	0.11327576637268066
0.6530509560000001	0.11327576637268066
0.652519637	0.11327576637268066
0.652082439	0.11327576637268066
0.651997398	0.11327576637268066
0.652154849	0.11327576637268066
0.652005372	0.11327576637268066
0.65193366	0.11327576637268066
0.651769689	0.11327576637268066
0.651409733	0.11327576637268066
0.650623289	0.11327576637268066
0.649716647	0.11327576637268066
0.649216934	0.11327576637268066
0.649379566	0.11327576637268066
0.6496018610000001	0.11327576637268066
0.6497848660000001	0.11327576637268066
0.649853959	0.11327576637268066
0.649727881	0.11327576637268066
0.6495873090000001	0.11327576637268066
0.649395515	0.11327576637268066
0.649318157	0.11327576637268066
0.649235677	0.11327576637268066
0.6490678059999999	0.11327576637268066
0.648945919	0.11327576637268066
0.648781075	0.11327576637268066
0.648680492	0.11327576637268066
0.648712157	0.11327576637268066
0.648685324	0.11327576637268066
0.648696674	0.11327576637268066
0.648729561	0.11327576637268066
0.648762332	0.11327576637268066
0.648721063	0.11327576637268066
0.6485208290000001	0.11327576637268066
0.648397487	0.11327576637268066
0.6484176269999999	0.11327576637268066
0.648437534	0.11327576637268066
0.648407964	0.11327576637268066
0.648377754	0.11327576637268066
0.648350513	0.11327576637268066
0.6483199540000001	0.11327576637268066
0.648351444	0.11327576637268066
Power (dBm)
28.036983810427735