Power (mW)	Time (sek)
0.661824772	0.1018524169921875
0.661847065	0.1018524169921875
0.661848055	0.1018524169921875
0.66185277	0.1018524169921875
0.661845901	0.1018524169921875
0.661900267	0.1018524169921875
0.66192844	0.1018524169921875
0.661948172	0.1018524169921875
0.661947706	0.1018524169921875
0.661937171	0.1018524169921875
0.66193298	0.1018524169921875
0.66193525	0.1018524169921875
0.6619775090000001	0.1018524169921875
0.66199142	0.1018524169921875
0.662016857	0.1018524169921875
0.6619993949999999	0.1018524169921875
0.6619910710000001	0.1018524169921875
0.661987171	0.1018524169921875
0.661978498	0.1018524169921875
0.66194887	0.1018524169921875
0.6619433990000001	0.1018524169921875
0.661931583	0.1018524169921875
0.661941478	0.1018524169921875
0.661961967	0.1018524169921875
0.6619841439999999	0.1018524169921875
0.662051723	0.1018524169921875
0.662124017	0.1018524169921875
0.662129431	0.1018524169921875
0.662158418	0.1018524169921875
0.662214123	0.1018524169921875
0.662270293	0.1018524169921875
0.662330538	0.1018524169921875
0.6623988160000001	0.1018524169921875
0.662433566	0.1018524169921875
0.662464998	0.1018524169921875
0.662491191	0.1018524169921875
0.6625097010000001	0.1018524169921875
0.662536244	0.1018524169921875
0.662568782	0.1018524169921875
0.6625570820000001	0.1018524169921875
0.662551087	0.1018524169921875
0.662520004	0.1018524169921875
0.662584382	0.1018524169921875
0.662567967	0.1018524169921875
0.6625922980000001	0.1018524169921875
0.6626031250000001	0.1018524169921875
0.662597013	0.1018524169921875
0.662618491	0.1018524169921875
0.66262047	0.1018524169921875
0.662645616	0.1018524169921875
0.662648585	0.1018524169921875
0.662656443	0.1018524169921875
0.662623672	0.1018524169921875
0.66259125	0.1018524169921875
0.6625536479999999	0.1018524169921875
0.6624920059999999	0.1018524169921875
0.662524893	0.1018524169921875
0.662539096	0.1018524169921875
0.662553241	0.1018524169921875
0.662587991	0.1018524169921875
0.662621227	0.1018524169921875
0.662631297	0.1018524169921875
0.662534614	0.1018524169921875
0.6623870580000001	0.1018524169921875
0.662344799	0.1018524169921875
0.662344624	0.1018524169921875
0.662327569	0.1018524169921875
0.662428443	0.1018524169921875
0.662565464	0.1018524169921875
0.6626503309999999	0.1018524169921875
0.6627126130000001	0.1018524169921875
0.662628911	0.1018524169921875
0.6625485259999999	0.1018524169921875
0.6625009700000001	0.1018524169921875
0.6624052180000001	0.1018524169921875
0.6622932850000001	0.1018524169921875
0.662222796	0.1018524169921875
0.6621485810000001	0.1018524169921875
0.662105682	0.1018524169921875
0.662194099	0.1018524169921875
0.662182865	0.1018524169921875
0.66218304	0.1018524169921875
0.6621677309999999	0.1018524169921875
0.661841885	0.1018524169921875
0.6616207540000001	0.1018524169921875
0.661369588	0.1018524169921875
0.661129772	0.1018524169921875
0.6609639390000001	0.1018524169921875
0.660987746	0.1018524169921875
0.661095895	0.1018524169921875
0.660669757	0.1018524169921875
0.660808815	0.1018524169921875
0.660909282	0.1018524169921875
0.661224185	0.1018524169921875
0.661390193	0.1018524169921875
0.662027625	0.1018524169921875
0.662845385	0.1018524169921875
0.6633280429999999	0.1018524169921875
0.663549814	0.1018524169921875
0.6635442260000001	0.1018524169921875
0.663748709	0.1018524169921875
0.663876126	0.1018524169921875
0.664226769	0.1018524169921875
0.66487334	0.1018524169921875
0.664925145	0.1018524169921875
0.664895924	0.1018524169921875
0.664512278	0.1018524169921875
0.663912739	0.1018524169921875
0.663049985	0.1018524169921875
0.6624623199999999	0.1018524169921875
0.660780177	0.1018524169921875
0.6616246539999999	0.1018524169921875
0.662996958	0.1018524169921875
0.663926476	0.1018524169921875
0.663750863	0.1018524169921875
0.663491664	0.1018524169921875
0.662859704	0.1018524169921875
0.6632908479999999	0.1018524169921875
0.662240316	0.1018524169921875
0.663829036	0.1018524169921875
0.665670435	0.1018524169921875
0.666157284	0.1018524169921875
0.66622562	0.1018524169921875
0.667442451	0.1018524169921875
0.6684951950000001	0.1018524169921875
0.668342516	0.1018524169921875
0.66903932	0.1018524169921875
0.6684829130000001	0.1018524169921875
0.665477768	0.1018524169921875
0.661433383	0.1018524169921875
0.658222474	0.1018524169921875
0.656580261	0.1018524169921875
0.655605574	0.1018524169921875
0.658645411	0.1018524169921875
0.6613676669999999	0.1018524169921875
0.66249416	0.1018524169921875
0.663423561	0.1018524169921875
0.663675251	0.1018524169921875
0.660705497	0.1018524169921875
0.657640863	0.1018524169921875
0.656223856	0.1018524169921875
0.659716898	0.1018524169921875
0.66221942	0.1018524169921875
0.664689345	0.1018524169921875
0.666344713	0.1018524169921875
0.666331034	0.1018524169921875
0.666830631	0.1018524169921875
0.665980624	0.1018524169921875
0.664947962	0.1018524169921875
0.663565937	0.1018524169921875
0.663638697	0.1018524169921875
0.662820879	0.1018524169921875
0.663502724	0.1018524169921875
0.665668107	0.1018524169921875
0.6668558339999999	0.1018524169921875
0.667185115	0.1018524169921875
0.667103857	0.1018524169921875
0.6670875009999999	0.1018524169921875
0.666882843	0.1018524169921875
0.666266598	0.1018524169921875
0.665961416	0.1018524169921875
0.6658427880000001	0.1018524169921875
0.665316184	0.1018524169921875
0.664949534	0.1018524169921875
0.664702617	0.1018524169921875
0.664335617	0.1018524169921875
0.664799998	0.1018524169921875
0.66304655	0.1018524169921875
0.661541068	0.1018524169921875
0.66203688	0.1018524169921875
0.6630419519999999	0.1018524169921875
0.663940795	0.1018524169921875
0.665179978	0.1018524169921875
0.6658498899999999	0.1018524169921875
0.6661685770000001	0.1018524169921875
0.666243839	0.1018524169921875
0.666487147	0.1018524169921875
0.6666171830000001	0.1018524169921875
0.6665833059999999	0.1018524169921875
0.6663536769999999	0.1018524169921875
0.666132662	0.1018524169921875
0.666024163	0.1018524169921875
0.665889063	0.1018524169921875
0.665686734	0.1018524169921875
0.665598025	0.1018524169921875
0.665596337	0.1018524169921875
0.6656905750000001	0.1018524169921875
0.6655444739999999	0.1018524169921875
0.665383064	0.1018524169921875
0.665241678	0.1018524169921875
0.665272994	0.1018524169921875
0.665212283	0.1018524169921875
0.665071537	0.1018524169921875
0.665113155	0.1018524169921875
0.6651653089999999	0.1018524169921875
0.664992724	0.1018524169921875
0.66501752	0.1018524169921875
0.664928579	0.1018524169921875
0.664925668	0.1018524169921875
0.664936786	0.1018524169921875
0.6648476120000001	0.1018524169921875
0.664658612	0.1018524169921875
0.664633233	0.1018524169921875
0.6645373069999999	0.1018524169921875
0.6644694369999999	0.1018524169921875
0.664404477	0.1018524169921875
0.664320891	0.1018524169921875
0.66419295	0.1018524169921875
0.664092833	0.1018524169921875
0.664149469	0.1018524169921875
0.664195104	0.1018524169921875
0.664233987	0.1018524169921875
0.664213207	0.1018524169921875
0.664095103	0.1018524169921875
0.663996092	0.1018524169921875
0.6640275240000001	0.1018524169921875
0.664069841	0.1018524169921875
0.664091436	0.1018524169921875
0.664040563	0.1018524169921875
0.6640118079999999	0.1018524169921875
0.663987827	0.1018524169921875
0.664000516	0.1018524169921875
0.664007501	0.1018524169921875
0.663947547	0.1018524169921875
0.663878338	0.1018524169921875
0.6637737389999999	0.1018524169921875
0.663764426	0.1018524169921875
0.663770246	0.1018524169921875
0.663794752	0.1018524169921875
0.6638109919999999	0.1018524169921875
0.663735322	0.1018524169921875
0.663729559	0.1018524169921875
0.6637256589999999	0.1018524169921875
0.663771294	0.1018524169921875
0.6637769979999999	0.1018524169921875
0.663806975	0.1018524169921875
0.663756451	0.1018524169921875
0.663612329	0.1018524169921875
0.663555227	0.1018524169921875
0.6635181490000001	0.1018524169921875
0.663484563	0.1018524169921875
0.66351553	0.1018524169921875
0.6636126779999999	0.1018524169921875
0.6636246109999999	0.1018524169921875
0.663531944	0.1018524169921875
0.663388986	0.1018524169921875
0.663126295	0.1018524169921875
0.663043757	0.1018524169921875
0.662976527	0.1018524169921875
0.662948471	0.1018524169921875
0.662936713	0.1018524169921875
0.6629446290000001	0.1018524169921875
0.6630620340000001	0.1018524169921875
0.663059705	0.1018524169921875
0.663061743	0.1018524169921875
0.663029728	0.1018524169921875
0.663030078	0.1018524169921875
0.6630159330000001	0.1018524169921875
0.663017679	0.1018524169921875
0.663014245	0.1018524169921875
0.663002837	0.1018524169921875
0.663020881	0.1018524169921875
0.663015759	0.1018524169921875
0.6630033599999999	0.1018524169921875
0.663013721	0.1018524169921875
0.662974257	0.1018524169921875
0.662979262	0.1018524169921875
0.662916689	0.1018524169921875
0.662914303	0.1018524169921875
0.662880659	0.1018524169921875
0.66280138	0.1018524169921875
0.6626957330000001	0.1018524169921875
0.662571634	0.1018524169921875
0.662511098	0.1018524169921875
0.6624103410000001	0.1018524169921875
0.662359409	0.1018524169921875
0.662266451	0.1018524169921875
0.6621285570000001	0.1018524169921875
0.661979197	0.1018524169921875
0.66188554	0.1018524169921875
0.661828322	0.1018524169921875
0.661784667	0.1018524169921875
0.6618133629999999	0.1018524169921875
0.661828672	0.1018524169921875
0.6618932820000001	0.1018524169921875
0.66193915	0.1018524169921875
0.661940081	0.1018524169921875
0.661937811	0.1018524169921875
0.661915226	0.1018524169921875
0.6619017220000001	0.1018524169921875
0.6618783229999999	0.1018524169921875
0.661877159	0.1018524169921875
0.661911152	0.1018524169921875
0.661918719	0.1018524169921875
0.661954342	0.1018524169921875
0.6619745979999999	0.1018524169921875
0.66200766	0.1018524169921875
0.6619970079999999	0.1018524169921875
0.662003644	0.1018524169921875
0.662001665	0.1018524169921875
Power (dBm)
28.216674455530057