Power (mW)	Time (sek)
0.432057714	0.09117984771728516
0.43208460600000004	0.11428308486938477
0.432064931	0.1504683494567871
0.432085275	0.20075774192810059
0.43206304	0.24808692932128906
0.432104571	0.29795074462890625
0.432068889	0.34757232666015625
0.432087982	0.3970820903778076
0.432066096	0.4328320026397705
0.432101369	0.46389102935791016
0.432098779	0.5009393692016602
0.432093657	0.5491414070129395
0.432120403	0.6002700328826904
0.432087865	0.6474838256835938
0.432117464	0.6984493732452393
0.432086264	0.7340121269226074
0.43211531000000003	0.7643406391143799
0.43212002499999996	0.797508955001831
0.432099157	0.8477458953857422
0.43213047299999996	0.9043068885803223
0.432084315	0.9532332420349121
0.432112342	0.9980745315551758
0.432106317	1.0312128067016602
0.432129484	1.0645925998687744
0.432128872	1.0975611209869385
0.432113651	1.1518361568450928
0.432122644	1.1980912685394287
0.43210428	1.2479863166809082
0.432133063	1.297084093093872
0.43211394200000003	1.3313548564910889
0.432125991	1.3657684326171875
0.432127505	1.4045212268829346
0.432117202	1.4479172229766846
0.432139903	1.497809648513794
0.432122004	1.547858476638794
0.432127184	1.605140209197998
0.432121946	1.6311736106872559
0.43213626499999996	1.6645350456237793
0.43214051400000003	1.6979763507843018
0.432129717	1.7475206851959229
0.432141154	1.7974228858947754
0.432120112	1.8543062210083008
0.432141067	1.9033777713775635
0.43213312200000004	1.9310293197631836
0.432132976	1.9647657871246338
0.43215495000000004	2.014475107192993
0.432136556	2.06400465965271
0.43217215	2.117875814437866
0.432129484	2.164299488067627
0.432170229	2.2200396060943604
0.432125671	2.2475688457489014
0.43215882	2.304264545440674
0.432138797	2.3475167751312256
0.432158588	2.397730827331543
0.432149449	2.4476518630981445
0.43217497299999996	2.4978818893432617
0.432174304	2.5343058109283447
0.43216603800000003	2.564058542251587
0.43219272599999997	2.614431142807007
0.432173314	2.6645684242248535
0.432215747	2.714414596557617
0.43218699299999996	2.7744140625
0.43221283699999996	2.8142926692962646
0.432199275	2.852736711502075
0.43220980999999997	2.8979604244232178
0.43221598	2.9529271125793457
0.43221892	3.0044326782226562
0.43222084099999997	3.0475833415985107
0.43220917	3.097696304321289
0.432207307	3.1309752464294434
0.432192348	3.1666038036346436
0.43222246999999997	3.1976466178894043
0.43214389	3.254481315612793
0.432086905	3.2974207401275635
0.432166882	3.3469393253326416
0.432125235	3.3972866535186768
0.432055502	3.430995225906372
0.432042871	3.4661312103271484
0.43215495000000004	3.497424602508545
0.43199583900000005	3.5471484661102295
0.431910943	3.597116231918335
0.431947381	3.6480355262756348
0.432151806	3.7013602256774902
0.43221598	3.730368137359619
0.432261906	3.764052152633667
0.432250585	3.8001043796539307
0.43217078200000003	3.847686767578125
0.43213693400000003	3.897148847579956
0.432072644	3.9581332206726074
0.432049856	3.9974448680877686
0.432103727	4.0306172370910645
0.432091008	4.063998699188232
0.43217634099999996	4.103047132492065
0.432153029	4.147613525390625
0.432108151	4.20035195350647
0.43210625900000005	4.2473835945129395
0.432038185	4.297646760940552
0.43200134	4.330713987350464
0.431999099	4.3639068603515625
0.432038447	4.397263288497925
0.43201784099999996	4.454135894775391
0.43197456399999995	4.497398138046265
0.431911583	4.546995401382446
0.43194709	4.597476482391357
0.431988068	4.634922981262207
0.432006869	4.663863658905029
0.432098459	4.697345495223999
0.43217732999999997	4.750942230224609
0.432167639	4.797454595565796
0.432162691	4.852638244628906
0.432132365	4.904881238937378
0.43215471699999997	4.930751085281372
0.43215072899999996	4.965321063995361
0.432176952	4.997509717941284
0.43221307000000003	5.047443151473999
0.432195928	5.097421646118164
0.432193105	5.1554155349731445
0.432140747	5.197282075881958
0.432173314	5.230597257614136
0.432140165	5.264050483703613
0.431764056	5.296880483627319
0.43167540600000004	5.347142696380615
0.431728549	5.396636962890625
0.431857625	5.447152614593506
0.43201618199999997	5.497213840484619
0.432074943	5.530471324920654
0.432066241	5.564215421676636
0.43210820899999997	5.6023077964782715
0.432109518	5.654350996017456
0.432101078	5.7028021812438965
0.43209304600000004	5.747213840484619
0.432077155	5.797411203384399
0.43210820899999997	5.832657098770142
0.432098837	5.8636133670806885
0.432123925	5.897324562072754
0.432134344	5.957319021224976
0.432123692	5.997324705123901
0.432123459	6.046626329421997
0.43206656099999996	6.097474098205566
0.432065193	6.135481834411621
0.432029745	6.163981199264526
0.432083936	6.197280168533325
0.432104891	6.246984958648682
0.43207456499999997	6.304121494293213
0.432020752	6.351951837539673
0.431987224	6.397226572036743
0.432008412	6.430413722991943
0.431982655	6.463440895080566
0.43203873800000003	6.50729513168335
0.43207974499999996	6.553600788116455
0.432068395	6.597027778625488
0.432066154	6.647308588027954
0.432028144	6.697141647338867
0.432038796	6.730405569076538
0.432020373	6.766069173812866
0.43205075800000003	6.804906129837036
0.432049099	6.847255706787109
0.432037748	6.896770715713501
0.432045956	6.9473230838775635
0.432039116	6.999195575714111
0.43207296399999995	7.030445575714111
0.432055647	7.063864707946777
0.432081346	7.096948623657227
0.43209618899999996	7.147202014923096
0.43205168899999996	7.196807146072388
0.432038796	7.254477024078369
0.431993249	7.30148983001709
0.43201167100000004	7.330367565155029
0.431990949	7.3638763427734375
0.432011002	7.400367736816406
0.432015804	7.446709632873535
0.431991968	7.504073619842529
0.432025176	7.546985626220703
0.432011555	7.597321510314941
0.43205037900000004	7.630268335342407
0.432024855	7.663798093795776
0.43204496600000003	7.697060823440552
0.43205395900000004	7.754310846328735
0.432031666	7.796776294708252
0.432064931	7.8468263149261475
0.43204843	7.897113561630249
0.432086817	7.935786008834839
0.43207698	7.963557958602905
0.43210914	7.996684789657593
0.43212331400000004	8.051833629608154
0.432095287	8.097237348556519
0.432128552	8.152543306350708
0.432089088	8.19759225845337
0.432111352	8.230517148971558
0.432080735	8.265937566757202
0.432101428	8.296723127365112
0.432097469	8.346776962280273
0.432061614	8.396124839782715
0.43210946	8.446064472198486
0.432089786	8.497367858886719
0.432104949	8.532825946807861
0.432114932	8.564803838729858
0.432171189	8.597970008850098
0.432195084	8.647574186325073
0.432111439	8.698233842849731
0.432134606	8.747264623641968
0.432189612	8.795976638793945
0.43222436200000003	8.829223155975342
0.43215722	8.862602949142456
0.432179251	8.898203611373901
0.432213739	8.946078062057495
0.432177621	8.998960256576538
0.43217992099999997	9.046229839324951
0.432174507	9.098348140716553
0.432220259	9.131261587142944
0.432192523	9.164813995361328
0.432196248	9.198980569839478
0.432178262	9.246813297271729
0.43216790099999997	9.300296545028687
0.432181812	9.346904754638672
0.432156899	9.405113458633423
0.432198576	9.431588649749756
0.43217084	9.463048934936523
0.43215591	9.506828784942627
0.432152796	9.547947883605957
0.43217634099999996	9.596258163452148
0.43220989800000004	9.654201984405518
0.432163768	9.696467638015747
0.432181288	9.729772806167603
0.432161731	9.763446807861328
0.43213047299999996	9.796579599380493
0.432135654	9.846428632736206
0.43209618899999996	9.903784275054932
0.432107161	9.94974684715271
0.432078494	10.000416040420532
0.432101428	10.033788919448853
0.432075292	10.064079999923706
0.432076224	10.103145599365234
0.432070054	10.1530282497406
0.43209304600000004	10.19584608078003
0.43215981000000003	10.253403902053833
0.43210169	10.304087162017822
0.43214828499999997	10.333477258682251
0.43213946599999997	10.362369060516357
0.432179571	10.395805835723877
0.432139786	10.45024061203003
0.43209368600000003	10.503602266311646
0.432180153	10.546530723571777
0.432150438	10.59753680229187
0.432119181	10.629512071609497
0.432141824	10.666792154312134
0.432141067	10.696570873260498
0.432115601	10.746609449386597
0.43205617100000004	10.795945882797241
0.432107452	10.853328227996826
0.432142435	10.895857334136963
0.43211889000000003	10.929409265518188
0.432098459	10.963007688522339
0.432127184	10.996292114257812
0.432152417	11.04651427268982
0.43211982099999996	11.103572368621826
0.4321124	11.146527528762817
0.43213984499999997	11.196165084838867
0.432116532	11.229821920394897
0.432085595	11.262548923492432
0.432082714	11.297632455825806
0.4321163	11.346009969711304
0.432101457	11.397688627243042
0.432131375	11.446224689483643
0.432143046	11.497853994369507
0.432104891	11.529764652252197
0.432077883	11.562979698181152
0.432080735	11.597867012023926
0.432140456	11.646368503570557
0.432149129	11.69639801979065
0.432092696	11.746357202529907
0.432082627	11.797106981277466
0.432137575	11.829466819763184
0.43211525199999995	11.86318564414978
0.432070112	11.896360874176025
0.43206196300000005	11.956266403198242
0.43213984499999997	11.996012449264526
0.432138157	12.05410647392273
0.432080036	12.096415996551514
0.432094908	12.133300065994263
0.43211202099999996	12.163119554519653
0.432086032	12.196419715881348
0.432077824	12.246403694152832
0.432092376	12.304006099700928
0.43212596200000003	12.350072145462036
0.43212203299999996	12.395678997039795
0.432110683	12.429762840270996
0.43210297	12.46257472038269
0.43210556	12.506552696228027
0.432113622	12.553564071655273
0.43211394200000003	12.596276044845581
0.43214051400000003	12.646247386932373
0.432174304	12.696367979049683
0.432145345	12.729815483093262
0.43212238199999997	12.765979290008545
0.432132452	12.805493116378784
0.432189903	12.845932722091675
0.432225701	12.89612078666687
0.43222372200000003	12.946268558502197
0.432229921	12.999512434005737
Power (dBm)
26.355925086116013