Power (mW)	Time (sek)
0.431673048	0.0832059383392334
0.43164342099999997	0.11666584014892578
0.431641383	0.15238118171691895
0.431656546	0.2023327350616455
0.431628781	0.25257205963134766
0.431656605	0.30072569847106934
0.4316431	0.35006165504455566
0.431662163	0.4016380310058594
0.431648834	0.43074607849121094
0.43166294899999996	0.46216249465942383
0.431656284	0.5013861656188965
0.431657652	0.5502688884735107
0.431684661	0.602586030960083
0.431665278	0.6501593589782715
0.43168599999999996	0.7015910148620605
0.43167281500000004	0.7309474945068359
0.431679538	0.7603552341461182
0.431660475	0.8000595569610596
0.431640394	0.850334882736206
0.431685621	0.9005534648895264
0.431665307	0.9498636722564697
0.431685621	0.9999697208404541
0.43163079	1.035703182220459
0.431665307	1.0600383281707764
0.43164336200000003	1.1000893115997314
0.43164915400000003	1.1508750915527344
0.431664463	1.200209140777588
0.431637862	1.2497875690460205
0.431673077	1.3002264499664307
0.43164441	1.3333642482757568
0.43164892099999996	1.366689682006836
0.431665423	1.4164552688598633
0.43166332799999996	1.466855764389038
0.431668654	1.5167717933654785
0.431680237	1.5665230751037598
0.431669847	1.61651611328125
0.431644963	1.650317907333374
0.43167540600000004	1.7004594802856445
0.431647844	1.75030517578125
0.43166658700000005	1.800002098083496
0.431626133	1.8499994277954102
0.431620167	1.9000487327575684
0.43162307699999997	1.9334895610809326
0.431648834	1.966841220855713
0.431644032	2.01680326461792
0.431640074	2.0665667057037354
0.431669469	2.1169235706329346
0.431651424	2.16683292388916
0.431670487	2.216541290283203
0.43169019	2.250157117843628
0.431742868	2.300046682357788
0.43174895100000005	2.3499135971069336
0.431793509	2.3993375301361084
0.431782857	2.449890375137329
0.431751221	2.500072956085205
0.431721826	2.535047769546509
0.431745691	2.5665550231933594
0.431714754	2.621232509613037
0.431592081	2.6667985916137695
0.431564462	2.7163920402526855
0.43159825100000004	2.7683138847351074
0.431651104	2.81661057472229
0.43159406100000003	2.849383592605591
0.431580032	2.8999762535095215
0.431591063	2.9496588706970215
0.431618828	3.0012080669403076
0.43157849	3.049781322479248
0.431623688	3.0998098850250244
0.4316298	3.133617401123047
0.431599823	3.1664183139801025
0.431661727	3.216395854949951
0.431651744	3.2665910720825195
0.431688299	3.3166003227233887
0.431701803	3.3665404319763184
0.431753055	3.4166903495788574
0.43174956200000003	3.452317953109741
0.431786379	3.4997527599334717
0.431780179	3.549938678741455
0.431787717	3.599860668182373
0.43173989999999995	3.6500356197357178
0.431742228	3.700968027114868
0.431714434	3.726396322250366
0.43175026099999997	3.7599825859069824
0.431726017	3.799532413482666
0.431764405	3.849973440170288
0.431788649	3.899559736251831
0.43178896899999997	3.9493520259857178
0.431816996	3.999739646911621
0.43180223999999995	4.033383369445801
0.431777677	4.066810607910156
0.43180084300000005	4.11633038520813
0.4317977	4.166384220123291
0.431822729	4.216390371322632
0.431801891	4.2666096687316895
0.43180922499999996	4.316251039505005
0.431773049	4.3497231006622314
0.43175733299999997	4.40087366104126
0.431720546	4.450795412063599
0.431711174	4.500566244125366
0.43168143000000003	4.5507972240448
0.43173530099999996	4.603020429611206
0.431729917	4.632641077041626
0.431774475	4.6643805503845215
0.431767636	4.700976133346558
0.431756023	4.750319480895996
0.431775465	4.799993276596069
0.43173989999999995	4.8493592739105225
0.431773777	4.899852275848389
0.431765046	4.932800769805908
0.431750552	4.967003345489502
0.431781547	5.016575336456299
0.431753811	5.06604790687561
0.431780878	5.1160571575164795
0.431744702	5.168620347976685
0.431772409	5.219986438751221
0.431746972	5.250303506851196
0.43177692	5.301021099090576
0.431754073	5.350217580795288
0.431785069	5.402453660964966
0.431769615	5.45076322555542
0.431804132	5.501750946044922
0.431756023	5.530972003936768
0.43177674499999996	5.561736106872559
0.43174249	5.601011514663696
0.43173891	5.650921106338501
0.431764405	5.700044393539429
0.431737921	5.750773191452026
0.43179519699999996	5.803754568099976
0.431781722	5.833243131637573
0.43179671000000003	5.863091230392456
0.431781868	5.900737047195435
0.43176996399999995	5.951230525970459
0.43178445800000004	6.000708341598511
0.431752211	6.04953932762146
0.43176533699999997	6.1018126010894775
0.431755034	6.132190704345703
0.431767985	6.159748554229736
0.43171862499999997	6.203279256820679
0.431703753	6.25683856010437
0.43169438099999996	6.299539089202881
0.431689841	6.350432395935059
0.43169761199999995	6.401453018188477
0.431690511	6.42448091506958
0.431709195	6.455420017242432
0.431698223	6.500868797302246
0.431734079	6.55118989944458
0.43175061000000003	6.603318929672241
0.431737222	6.650707483291626
0.431750552	6.701858043670654
0.431722496	6.7320780754089355
0.43173445699999996	6.76343297958374
0.431726337	6.802774429321289
0.431715976	6.850806474685669
0.43175157000000003	6.900698184967041
0.431705994	6.950616121292114
0.43175256	7.003530979156494
0.43172441699999997	7.034335613250732
0.431719236	7.05564022064209
0.431721768	7.100849628448486
0.43170346200000004	7.150674104690552
0.431724737	7.200685977935791
0.431695749	7.248938083648682
0.431714725	7.299462556838989
0.43173888099999996	7.335054874420166
0.43172668700000005	7.365371465682983
0.43174895100000005	7.399484872817993
0.43175663400000003	7.449108362197876
0.43175675100000005	7.499543905258179
0.43176513299999997	7.55074667930603
0.43176443400000003	7.599485158920288
0.43175800200000003	7.632822513580322
0.43174315900000004	7.665585517883301
0.431761844	7.716152667999268
0.431729655	7.76918363571167
0.431741937	7.815441608428955
0.431712746	7.868319034576416
0.431726628	7.915606737136841
0.431706285	7.949365615844727
0.431709312	7.999220609664917
0.431717577	8.04941463470459
0.43170058099999997	8.098780632019043
0.431722816	8.150269031524658
0.43170727400000003	8.203059911727905
0.431721739	8.232779741287231
0.43168565000000003	8.26582145690918
0.431726949	8.315803050994873
0.431692111	8.365664720535278
0.431719905	8.41835355758667
0.43168859	8.4661123752594
0.431728928	8.517237424850464
0.43170340399999996	8.548880338668823
0.431710534	8.600101232528687
0.431715976	8.64923906326294
0.43169630200000003	8.699388027191162
0.431712135	8.749053001403809
0.431686029	8.798996448516846
0.43168920099999997	8.833316564559937
0.43166719800000003	8.865508079528809
0.431696622	8.91586685180664
0.431662076	8.965831756591797
0.43168632	9.01570200920105
0.43166824600000003	9.067336320877075
0.431700872	9.115822792053223
0.431701803	9.151485443115234
0.431703753	9.199273824691772
0.431718567	9.251554727554321
0.431706343	9.299545288085938
0.431711145	9.34906792640686
0.43169982399999995	9.399158954620361
0.431707333	9.432506084442139
0.43167502700000004	9.46804666519165
0.43169243100000004	9.515851259231567
0.431665743	9.565721273422241
0.431701541	9.615838050842285
0.43166437500000004	9.665892362594604
0.43170218099999996	9.715869426727295
0.431688852	9.749977827072144
0.43169144200000004	9.79884386062622
0.431714143	9.848953247070312
0.431699271	9.900336503982544
0.43169342099999997	9.948987007141113
0.431695313	10.001359939575195
0.431706721	10.032016515731812
0.431684253	10.065714120864868
0.431713735	10.115235328674316
0.43168792	10.165771007537842
0.43169499299999997	10.21671724319458
0.43168274	10.265487432479858
0.43168920099999997	10.319620370864868
0.43168701800000003	10.348498821258545
0.431685941	10.397878408432007
0.43169217	10.4502694606781
0.43169342099999997	10.49788212776184
0.431699562	10.547965288162231
0.431689579	10.597857475280762
0.431711174	10.632938385009766
0.431699562	10.657880783081055
0.431705004	10.70039176940918
0.431705732	10.749852895736694
0.431711174	10.800376176834106
0.431712077	10.849856615066528
0.43171769400000004	10.900622844696045
0.431719527	10.933604717254639
0.43169866	10.964228868484497
0.431712455	11.002542495727539
0.431717315	11.050300121307373
0.43170346200000004	11.099015951156616
0.431711174	11.148731708526611
0.43170253000000003	11.199108600616455
0.431725697	11.232337236404419
0.43169860099999996	11.267794370651245
0.43171466700000005	11.315505743026733
0.431711785	11.368176221847534
0.431714376	11.415563583374023
0.431704684	11.465598106384277
0.431708788	11.515503644943237
0.431729219	11.54901385307312
0.43170727400000003	11.600028276443481
0.431724708	11.648951292037964
0.431719556	11.700135231018066
0.43173341	11.748992681503296
0.431715976	11.802256107330322
0.431747729	11.833253383636475
0.431733351	11.866207599639893
0.431747292	11.918496131896973
0.431733701	11.965441465377808
0.43174185	12.018646955490112
0.43173666899999996	12.064964771270752
0.431733119	12.115413665771484
0.431734399	12.148758888244629
0.431714492	12.198846340179443
0.431741268	12.251033782958984
0.431724096	12.298695802688599
0.43175413199999996	12.350130796432495
0.43174735000000003	12.398871183395386
0.431762455	12.43221116065979
0.431745371	12.464967250823975
0.431765424	12.515467643737793
0.431763969	12.56810736656189
0.431753375	12.61488151550293
0.431756023	12.668288230895996
0.431761204	12.715084552764893
0.431760534	12.748768091201782
0.43173958	12.799417734146118
0.431770197	12.848819732666016
0.431731867	12.898427724838257
0.43175800200000003	12.949909210205078
0.431727676	12.998786449432373
0.431755732	13.032015323638916
0.431728928	13.065237998962402
0.43174185	13.115163087844849
0.431748282	13.16515064239502
0.43174866	13.215349674224854
0.43175800200000003	13.265431880950928
0.431755063	13.319442749023438
0.431757886	13.348772764205933
0.431734341	13.399527311325073
0.431760302	13.448652029037476
0.43173308899999996	13.498674631118774
0.431769295	13.548678636550903
Power (dBm)
26.351963051890767