Power (mW)	Time (sek)
0.656280841	0.11682343482971191
0.6562199559999999	0.11682343482971191
0.6561375340000001	0.11682343482971191
0.65606623	0.11682343482971191
0.6559733879999999	0.11682343482971191
0.655889686	0.11682343482971191
0.6558202439999999	0.11682343482971191
0.655694283	0.11682343482971191
0.655673794	0.11682343482971191
0.655682699	0.11682343482971191
0.655792828	0.11682343482971191
0.656181131	0.11682343482971191
0.656953373	0.11682343482971191
0.657104363	0.11682343482971191
0.656263554	0.11682343482971191
0.6554425340000001	0.11682343482971191
0.655429554	0.11682343482971191
0.655815355	0.11682343482971191
0.6561094780000001	0.11682343482971191
0.655526179	0.11682343482971191
0.6547041699999999	0.11682343482971191
0.6547544040000001	0.11682343482971191
0.655316631	0.11682343482971191
0.6555656440000001	0.11682343482971191
0.655720767	0.11682343482971191
0.655788754	0.11682343482971191
0.656142365	0.11682343482971191
0.656752847	0.11682343482971191
0.657130557	0.11682343482971191
0.656907912	0.11682343482971191
0.6566661180000001	0.11682343482971191
0.656558434	0.11682343482971191
0.6565791550000001	0.11682343482971191
0.656623801	0.11682343482971191
0.6564346839999999	0.11682343482971191
0.656155345	0.11682343482971191
0.6559961480000001	0.11682343482971191
0.65593404	0.11682343482971191
0.655752781	0.11682343482971191
0.655570067	0.11682343482971191
0.655561686	0.11682343482971191
0.655754295	0.11682343482971191
0.656139571	0.11682343482971191
0.656216987	0.11682343482971191
0.655701791	0.11682343482971191
0.654740317	0.11682343482971191
0.65445964	0.11682343482971191
0.655316806	0.11682343482971191
0.6557054000000001	0.11682343482971191
0.6552721610000001	0.11682343482971191
0.654980657	0.11682343482971191
0.655005861	0.11682343482971191
0.655351265	0.11682343482971191
0.6561114570000001	0.11682343482971191
0.6565313669999999	0.11682343482971191
0.657315191	0.11682343482971191
0.660405785	0.11682343482971191
0.6604366349999999	0.11682343482971191
0.658426667	0.11682343482971191
0.649911701	0.11682343482971191
0.645373133	0.11682343482971191
0.645786349	0.11682343482971191
0.646552653	0.11682343482971191
0.647566922	0.11682343482971191
0.654593518	0.11682343482971191
0.649787369	0.11682343482971191
0.642585219	0.11682343482971191
0.648690097	0.11682343482971191
0.656477816	0.11682343482971191
0.655806158	0.11682343482971191
0.663851097	0.11682343482971191
0.6633409069999999	0.11682343482971191
0.6537637669999999	0.11682343482971191
0.65233541	0.11682343482971191
0.6567739180000001	0.11682343482971191
0.664112042	0.11682343482971191
0.6644515089999999	0.11682343482971191
0.67283801	0.11682343482971191
0.668572029	0.11682343482971191
0.666279171	0.11682343482971191
0.6690601	0.11682343482971191
0.674406649	0.11682343482971191
0.673984759	0.11682343482971191
0.67642366	0.11682343482971191
0.6749142779999999	0.11682343482971191
0.670086651	0.11682343482971191
0.6732082110000001	0.11682343482971191
0.676686759	0.11682343482971191
0.679051096	0.11682343482971191
0.677422038	0.11682343482971191
0.679431949	0.11682343482971191
0.680013793	0.11682343482971191
0.6788549359999999	0.11682343482971191
0.6801590789999999	0.11682343482971191
0.681654143	0.11682343482971191
0.6820806300000001	0.11682343482971191
0.68199361	0.11682343482971191
0.6814011139999999	0.11682343482971191
0.6818079859999999	0.11682343482971191
0.682018464	0.11682343482971191
0.682080805	0.11682343482971191
0.682165322	0.11682343482971191
0.6819638659999999	0.11682343482971191
0.682188373	0.11682343482971191
0.6822450090000001	0.11682343482971191
0.681864738	0.11682343482971191
0.6819097909999999	0.11682343482971191
0.682073238	0.11682343482971191
0.681867823	0.11682343482971191
0.681513338	0.11682343482971191
0.68092451	0.11682343482971191
0.6793230419999999	0.11682343482971191
0.681440986	0.11682343482971191
0.681835169	0.11682343482971191
0.681120029	0.11682343482971191
0.681936799	0.11682343482971191
0.681919686	0.11682343482971191
0.682065205	0.11682343482971191
0.681902049	0.11682343482971191
0.682064972	0.11682343482971191
0.6822240540000001	0.11682343482971191
0.68215077	0.11682343482971191
0.682144659	0.11682343482971191
0.682062295	0.11682343482971191
0.681659963	0.11682343482971191
0.6811114730000001	0.11682343482971191
0.681747333	0.11682343482971191
0.682139245	0.11682343482971191
0.682222657	0.11682343482971191
0.682244077	0.11682343482971191
0.682147336	0.11682343482971191
0.681613747	0.11682343482971191
0.680973928	0.11682343482971191
0.6816368549999999	0.11682343482971191
0.682069105	0.11682343482971191
0.682138838	0.11682343482971191
0.6822036810000001	0.11682343482971191
0.682231272	0.11682343482971191
0.682098616	0.11682343482971191
0.6820329	0.11682343482971191
0.6819250990000001	0.11682343482971191
0.681856473	0.11682343482971191
0.681903563	0.11682343482971191
0.681965146	0.11682343482971191
0.682008162	0.11682343482971191
0.6820003619999999	0.11682343482971191
0.681783713	0.11682343482971191
0.681441859	0.11682343482971191
0.681077829	0.11682343482971191
0.6811133349999999	0.11682343482971191
0.681235339	0.11682343482971191
0.68113883	0.11682343482971191
0.6811932540000001	0.11682343482971191
0.681489182	0.11682343482971191
0.681636622	0.11682343482971191
0.681881211	0.11682343482971191
0.6819098490000001	0.11682343482971191
0.681804493	0.11682343482971191
0.681392383	0.11682343482971191
0.68118138	0.11682343482971191
0.681509031	0.11682343482971191
0.681604957	0.11682343482971191
0.681511883	0.11682343482971191
0.681326957	0.11682343482971191
0.6811516360000001	0.11682343482971191
0.680628	0.11682343482971191
0.679751334	0.11682343482971191
0.6786054	0.11682343482971191
0.677007891	0.11682343482971191
0.675974821	0.11682343482971191
0.675783085	0.11682343482971191
0.675698218	0.11682343482971191
0.675521325	0.11682343482971191
0.675006537	0.11682343482971191
0.674760202	0.11682343482971191
0.674545881	0.11682343482971191
0.674075156	0.11682343482971191
0.673573522	0.11682343482971191
0.673105824	0.11682343482971191
0.67279581	0.11682343482971191
0.6728541339999999	0.11682343482971191
0.672850059	0.11682343482971191
0.6724801499999999	0.11682343482971191
0.67207613	0.11682343482971191
0.671749411	0.11682343482971191
0.671520771	0.11682343482971191
0.6712256	0.11682343482971191
0.671006623	0.11682343482971191
0.670679496	0.11682343482971191
0.67005353	0.11682343482971191
0.669456727	0.11682343482971191
0.668963999	0.11682343482971191
0.6685496769999999	0.11682343482971191
0.668144901	0.11682343482971191
0.667580694	0.11682343482971191
0.66675141	0.11682343482971191
0.665607746	0.11682343482971191
0.6644539540000001	0.11682343482971191
0.663917977	0.11682343482971191
0.66353986	0.11682343482971191
0.663295737	0.11682343482971191
0.663348241	0.11682343482971191
0.6636856710000001	0.11682343482971191
0.664239866	0.11682343482971191
0.6649746790000001	0.11682343482971191
0.665242493	0.11682343482971191
0.665313331	0.11682343482971191
0.665101805	0.11682343482971191
0.664936611	0.11682343482971191
0.665133935	0.11682343482971191
0.665161875	0.11682343482971191
0.665070605	0.11682343482971191
0.664998777	0.11682343482971191
0.6649012209999999	0.11682343482971191
0.664625433	0.11682343482971191
0.664335035	0.11682343482971191
0.664281542	0.11682343482971191
0.6640708310000001	0.11682343482971191
0.663626881	0.11682343482971191
0.663520361	0.11682343482971191
0.663443643	0.11682343482971191
0.66339015	0.11682343482971191
0.663632527	0.11682343482971191
0.663917221	0.11682343482971191
0.663930201	0.11682343482971191
0.6638536	0.11682343482971191
0.663846207	0.11682343482971191
0.663849933	0.11682343482971191
0.663926534	0.11682343482971191
0.663963088	0.11682343482971191
0.663960644	0.11682343482971191
0.663813262	0.11682343482971191
0.663659652	0.11682343482971191
0.663770188	0.11682343482971191
0.6639617499999999	0.11682343482971191
0.664166117	0.11682343482971191
0.664129737	0.11682343482971191
0.664153835	0.11682343482971191
0.6642485969999999	0.11682343482971191
0.664217339	0.11682343482971191
0.664159481	0.11682343482971191
0.664177642	0.11682343482971191
0.664089283	0.11682343482971191
0.6639966740000001	0.11682343482971191
0.663928862	0.11682343482971191
0.663892657	0.11682343482971191
0.66395523	0.11682343482971191
0.664048537	0.11682343482971191
0.664184801	0.11682343482971191
0.664459134	0.11682343482971191
0.664939289	0.11682343482971191
0.6652278239999999	0.11682343482971191
0.66504837	0.11682343482971191
0.66462229	0.11682343482971191
0.6642931839999999	0.11682343482971191
0.6640166980000001	0.11682343482971191
0.663796323	0.11682343482971191
0.6637409099999999	0.11682343482971191
0.663826824	0.11682343482971191
0.663904299	0.11682343482971191
0.6639053460000001	0.11682343482971191
0.6638086049999999	0.11682343482971191
0.663683866	0.11682343482971191
0.663367216	0.11682343482971191
0.662853767	0.11682343482971191
0.662429375	0.11682343482971191
0.6619296619999999	0.11682343482971191
0.661402533	0.11682343482971191
0.6611570720000001	0.11682343482971191
0.661027734	0.11682343482971191
0.6609125410000001	0.11682343482971191
0.660854799	0.11682343482971191
0.6607779650000001	0.11682343482971191
0.660780817	0.11682343482971191
0.6609794800000001	0.11682343482971191
0.66117791	0.11682343482971191
0.6614644660000001	0.11682343482971191
0.661828497	0.11682343482971191
0.6622168	0.11682343482971191
0.662221806	0.11682343482971191
0.661966449	0.11682343482971191
0.661811093	0.11682343482971191
0.661826984	0.11682343482971191
0.661928672	0.11682343482971191
0.662124716	0.11682343482971191
0.662378094	0.11682343482971191
0.66246785	0.11682343482971191
0.662469829	0.11682343482971191
0.6625123789999999	0.11682343482971191
0.6625545789999999	0.11682343482971191
0.662601728	0.11682343482971191
0.66268025	0.11682343482971191
0.66277117	0.11682343482971191
0.662779436	0.11682343482971191
0.662756094	0.11682343482971191
0.662724429	0.11682343482971191
0.662717852	0.11682343482971191
0.6626574319999999	0.11682343482971191
0.662564649	0.11682343482971191
0.6624019010000001	0.11682343482971191
Power (dBm)
28.243574243865268