Power (mW)	Time (sek)
0.431844819	0.08167457580566406
0.431845401	0.11465072631835938
0.431830937	0.14264750480651855
0.43186996499999997	0.19049406051635742
0.43184511	0.24712777137756348
0.431864231	0.29827380180358887
0.431839639	0.3469352722167969
0.431862572	0.39823365211486816
0.43183407999999995	0.4259810447692871
0.431866996	0.4591803550720215
0.43184121	0.49152040481567383
0.43183506899999996	0.5389866828918457
0.431865104	0.590599536895752
0.43183344	0.6392991542816162
0.43185861400000003	0.698779821395874
0.431827648	0.7236201763153076
0.431860215	0.7557156085968018
0.43183771800000004	0.7887463569641113
0.431837019	0.8394496440887451
0.431862165	0.8897149562835693
0.431827735	0.9469571113586426
0.431861874	0.9971816539764404
0.43183277000000003	1.0263941287994385
0.43186315500000005	1.0533936023712158
0.43184153000000003	1.0983693599700928
0.431831169	1.1468477249145508
0.43184321800000003	1.1972215175628662
0.431832828	1.2424049377441406
0.431863475	1.3001370429992676
0.431840628	1.322784662246704
0.43183931799999997	1.353358268737793
0.431829569	1.397275686264038
0.431827066	1.4418518543243408
0.431852823	1.497490406036377
0.431814726	1.5498759746551514
0.431821885	1.5969433784484863
0.431799534	1.6200714111328125
0.431839027	1.6564233303070068
0.43181507500000005	1.6970593929290771
0.43181050600000004	1.747087001800537
0.43182726899999996	1.7984883785247803
0.431807304	1.846928596496582
0.431831577	1.896812915802002
0.43181251400000004	1.9235877990722656
0.43183961	1.9560351371765137
0.43181632600000003	1.9984970092773438
0.431803492	2.038360595703125
0.431826076	2.0967748165130615
0.431802444	2.139751672744751
0.431824155	2.1967501640319824
0.431798253	2.2299485206604004
0.431824155	2.2556419372558594
0.431798253	2.299922227859497
0.431793829	2.347036600112915
0.431797031	2.3968982696533203
0.431756023	2.441012382507324
0.43176379400000003	2.4981961250305176
0.431716093	2.520015001296997
0.431744091	2.5535640716552734
0.431726308	2.5969762802124023
0.43172351400000003	2.647035837173462
0.431755732	2.6964712142944336
0.431737979	2.7504119873046875
0.43181280499999997	2.7916879653930664
0.431826047	2.820061683654785
0.431872031	2.853872299194336
0.431959343	2.8892223834991455
0.432007131	2.946934700012207
0.431955472	2.998098373413086
0.431824097	3.047039270401001
0.431756023	3.0969655513763428
0.431640132	3.1199278831481934
0.431654684	3.153430461883545
0.431666907	3.1969308853149414
0.43169860099999996	3.2481603622436523
0.43174446899999996	3.296788215637207
0.431747671	3.3466358184814453
0.43175742	3.3968143463134766
0.431735389	3.420478105545044
0.431777997	3.452928304672241
0.431809545	3.496891975402832
0.431847002	3.5414445400238037
0.43188422600000004	3.597008228302002
0.43184572099999996	3.6413679122924805
0.431841618	3.698906660079956
0.43183018	3.729870557785034
0.431828958	3.7582523822784424
0.431828259	3.7968547344207764
0.431815104	3.8469350337982178
0.43185	3.896807909011841
0.431828375	3.948681116104126
0.431853201	3.996225357055664
0.431881519	4.0201942920684814
0.431920955	4.052547216415405
0.431881228	4.096226930618286
0.43180829400000004	4.146270275115967
0.43179519699999996	4.197744369506836
0.431782391	4.247072458267212
0.431803492	4.290221214294434
0.431820197	4.329807758331299
0.43183894	4.353027105331421
0.43180381199999995	4.389127731323242
0.431784982	4.4481072425842285
0.431849592	4.491797924041748
0.431858585	4.546467542648315
0.431918364	4.596696138381958
0.43191542499999996	4.619667053222656
0.431902328	4.652886867523193
0.431921304	4.696405649185181
0.431954482	4.746524333953857
0.431969704	4.796637535095215
0.431948749	4.846614599227905
0.43194156	4.898907423019409
0.431920576	4.92301082611084
0.431930006	4.95566201210022
0.431923167	4.988713979721069
0.431926339	5.041413068771362
0.431936467	5.096485376358032
0.431960332	5.150346517562866
0.431997119	5.196337461471558
0.431987224	5.229882717132568
0.43197357399999997	5.252936363220215
0.431966444	5.296560049057007
0.43196193299999996	5.341793060302734
0.431966793	5.398614883422852
0.431946479	5.446329116821289
0.431950029	5.49624228477478
0.43194097800000003	5.529831171035767
0.431932596	5.558267831802368
0.43193053000000003	5.596414566040039
0.43192794	5.648473262786865
0.431928696	5.696161985397339
0.431902939	5.74818754196167
0.431911933	5.796349763870239
0.43189487800000004	5.829865217208862
0.43188803800000003	5.856730699539185
0.431895489	5.8982319831848145
0.431884197	5.946131944656372
0.43191650200000004	5.996447563171387
0.431917113	6.046125650405884
0.431931607	6.08920693397522
0.431921915	6.119391918182373
0.431927794	6.157060861587524
0.431920955	6.196466684341431
0.431919034	6.246485233306885
0.431955472	6.29139518737793
0.431939668	6.349619388580322
0.431928784	6.390759229660034
0.43192543699999997	6.419850587844849
0.431917113	6.453155040740967
0.431905384	6.491433382034302
0.43188961000000003	6.546451568603516
0.431874476	6.5983123779296875
0.43186926600000003	6.64638614654541
0.431880326	6.6985461711883545
0.43187892899999997	6.721054553985596
0.431882596	6.759420394897461
0.43190477299999996	6.796501874923706
0.431897992	6.847720146179199
0.431901892	6.895899057388306
0.431898399	6.946024179458618
0.431912864	6.996326446533203
0.431888329	7.024471044540405
0.431895489	7.058814525604248
0.431899622	7.097776412963867
0.43189284	7.1460559368133545
0.43188702	7.196343183517456
0.431885099	7.241451740264893
0.431886088	7.299931764602661
0.431879947	7.3309712409973145
0.43186440600000003	7.352278709411621
0.43188993	7.395954608917236
0.431871274	7.441496849060059
0.43187179800000003	7.496176481246948
0.431857014	7.550282716751099
0.431861263	7.596168756484985
0.431856024	7.619697093963623
0.431854482	7.657847881317139
0.431877328	7.695854663848877
0.43186798600000004	7.745914459228516
0.43189738099999997	7.798259496688843
0.431914144	7.846168279647827
0.431929686	7.895850658416748
0.431948662	7.919625282287598
0.431936467	7.952707290649414
0.431936729	7.9957990646362305
0.43192200199999997	8.04703426361084
0.431907072	8.08836841583252
0.431882247	8.146090030670166
0.431891909	8.191093683242798
0.431887951	8.22959280014038
0.431880326	8.25283408164978
0.431879249	8.298298120498657
0.43189447000000003	8.346138000488281
0.43188160600000003	8.390785217285156
0.43188635	8.446152210235596
0.431916385	8.498879671096802
0.431917724	8.529605150222778
0.431925146	8.552765607833862
0.431942579	8.596336841583252
0.43194092	8.64615273475647
0.431948079	8.696122407913208
0.431958033	8.749253034591675
0.431952649	8.796084642410278
0.431942026	8.824666738510132
0.431942666	8.852533102035522
0.4319461	8.896106958389282
0.431934517	8.941136360168457
0.431933819	8.998252153396606
0.431927358	9.04124927520752
0.431929104	9.096177577972412
0.431930705	9.11975383758545
0.431923458	9.152493238449097
0.431926135	9.19618844985962
0.43192549500000005	9.23853611946106
0.431917724	9.296139478683472
0.43193387699999997	9.346131086349487
0.431942288	9.39574670791626
0.431955472	9.41933560371399
0.431956752	9.456975221633911
0.431967055	9.498056650161743
0.43196938300000004	9.546117782592773
0.43197456399999995	9.595727920532227
0.431976485	9.646113395690918
0.431960943	9.698566913604736
0.431953842	9.71912956237793
0.431966037	9.752247333526611
0.431965833	9.795711994171143
0.43194304499999997	9.846147537231445
0.43193993	9.891466856002808
0.431934895	9.950196266174316
0.431916822	9.98865032196045
0.431928347	10.029396057128906
0.43193349799999997	10.058610439300537
0.431940047	10.092216730117798
0.431946217	10.141916513442993
0.431954482	10.198209524154663
0.43195943000000003	10.242167711257935
0.431952561	10.293145656585693
0.43196618200000003	10.330909490585327
0.431956432	10.357996940612793
0.431967812	10.398382425308228
0.43196292199999997	10.448034524917603
0.431957131	10.498130798339844
0.431959663	10.542347192764282
0.431959052	10.598921060562134
0.431960943	10.625228881835938
0.43194167699999997	10.658558130264282
0.431946071	10.698461294174194
0.431946071	10.745118379592896
0.431927736	10.791884660720825
0.431928027	10.841920614242554
0.431926135	10.891842126846313
0.43194548899999996	10.924225330352783
0.431935565	10.958538293838501
0.43195195000000003	10.991728067398071
0.431955472	11.041903734207153
0.431955152	11.092037677764893
0.431975088	11.1492018699646
0.431963592	11.191931962966919
0.43197747400000003	11.230028867721558
0.43195972099999996	11.252391338348389
0.431976048	11.29596495628357
0.43196839400000003	11.339314222335815
0.43194449999999995	11.398216485977173
0.43194476200000004	11.445709943771362
0.431928609	11.490787267684937
0.431927736	11.528400659561157
0.43191865599999996	11.558379411697388
0.431933207	11.591867923736572
0.431928987	11.648295640945435
0.43191970300000004	11.69188117980957
0.431937777	11.741713047027588
0.431934808	11.792123079299927
0.43194904	11.824150800704956
0.431929337	11.858219623565674
0.431939668	11.898301601409912
0.43195128099999996	11.941775560379028
0.43192831800000003	11.991663455963135
0.431940367	12.042107343673706
0.43193833000000004	12.091254472732544
0.431943859	12.12377643585205
0.43193448799999995	12.158130168914795
0.43194418	12.191933155059814
0.431947148	12.242274522781372
0.431929395	12.299662351608276
0.431936467	12.35025668144226
0.43191568700000005	12.39564323425293
0.431944267	12.428868770599365
0.431929016	12.452155590057373
0.43194097800000003	12.495707035064697
0.431932916	12.54552412033081
0.431940309	12.598037481307983
0.431948371	12.645696878433228
0.43194936	12.695199966430664
0.431957422	12.72091031074524
0.431948429	12.751689672470093
0.431958353	12.795554637908936
0.431964523	12.848020076751709
0.43196618200000003	12.895446062088013
Power (dBm)
26.353741159859222