Power (mW)	Time (sek)
0.431934197	0.10367465019226074
0.431907072	0.13843703269958496
0.431948691	0.1862928867340088
0.431924767	0.23486018180847168
0.43192543699999997	0.2569997310638428
0.431922206	0.2896714210510254
0.431928784	0.33179616928100586
0.431922235	0.38225269317626953
0.431907072	0.43621063232421875
0.431926426	0.48047733306884766
0.431920256	0.5362653732299805
0.431920955	0.5654075145721436
0.431909284	0.5972933769226074
0.43192764899999997	0.6361970901489258
0.431932916	0.6828835010528564
0.431917346	0.7361810207366943
0.4319133	0.7802448272705078
0.431898661	0.8253977298736572
0.431914668	0.8637902736663818
0.431905093	0.8869156837463379
0.43192459299999997	0.9367928504943848
0.431919034	0.9800024032592773
0.431910594	1.036214828491211
0.431932218	1.0804057121276855
0.431929016	1.1304337978363037
0.431939668	1.1656630039215088
0.431915454	1.1871135234832764
0.431939377	1.2302806377410889
0.43194190899999996	1.279768466949463
0.431934634	1.3370726108551025
0.431945169	1.383096694946289
0.431923545	1.4306349754333496
0.431897031	1.4638895988464355
0.43187313699999996	1.4870474338531494
0.431890221	1.5303008556365967
0.43190454	1.5849404335021973
0.431885739	1.6365766525268555
0.431870954	1.6803717613220215
0.43190160099999997	1.7370171546936035
0.43191964499999996	1.7702405452728271
0.43192322499999997	1.803412675857544
0.43191385299999996	1.8530848026275635
0.432013301	1.9026844501495361
0.432195928	1.9538044929504395
0.43224630599999997	1.9967362880706787
0.43217343	2.0527098178863525
0.43219488	2.0823187828063965
0.432284462	2.1364519596099854
0.432426896	2.1802096366882324
0.432245317	2.2360143661499023
0.43209618899999996	2.280141592025757
0.432101515	2.3331170082092285
0.432172092	2.3636584281921387
0.432123925	2.38679838180542
0.432083616	2.4302725791931152
0.432106172	2.4802160263061523
0.432107452	2.537142038345337
0.432181463	2.579766035079956
0.43218280200000003	2.635976791381836
0.432187255	2.6587226390838623
0.43217634099999996	2.6967427730560303
0.432187488	2.7359936237335205
0.432173751	2.783543825149536
0.43218885500000004	2.8359808921813965
0.432219851	2.879819869995117
0.43216659100000004	2.936703681945801
0.432140863	2.969325065612793
0.43213725399999997	3.0031328201293945
0.43213009500000005	3.053009271621704
0.43211662	3.1026296615600586
0.43207142200000004	3.153318405151367
0.432077533	3.2031455039978027
0.432086148	3.2530274391174316
0.432108471	3.2887532711029053
0.43207171299999997	3.336751699447632
0.432074012	3.385735511779785
0.432088476	3.435933828353882
0.432117842	3.484020709991455
0.43208367400000003	3.529958724975586
0.432078523	3.563842535018921
0.432042027	3.587143898010254
0.432035595	3.636370897293091
0.43200262	3.679908275604248
0.431963213	3.7368850708007812
0.431964203	3.780073642730713
0.43197616499999997	3.8298776149749756
0.432016124	3.8636314868927
0.432038796	3.8859384059906006
0.432052679	3.9295778274536133
0.432024885	3.9846582412719727
0.43201589100000004	4.0358967781066895
0.432031055	4.079879522323608
0.432029308	4.136173248291016
0.43206999500000004	4.1698198318481445
0.43206149699999996	4.202878952026367
0.43204485	4.253222465515137
0.432058907	4.303047180175781
0.432072033	4.353129863739014
0.432107161	4.402465581893921
0.432146306	4.452749252319336
0.432173081	4.486388444900513
0.43215591	4.536846160888672
0.432168861	4.585669040679932
0.432110799	4.6366126537323
0.432101748	4.684567451477051
0.432084897	4.729755401611328
0.43206496	4.757180452346802
0.432040804	4.786405324935913
0.43204490799999995	4.82994270324707
0.432043395	4.875306129455566
0.432042027	4.93656325340271
0.43206464	4.984140396118164
0.432068162	5.029999494552612
0.432078727	5.063322305679321
0.432078523	5.092139959335327
0.432109839	5.129929304122925
0.43210442499999996	5.181026220321655
0.432103727	5.235592842102051
0.4321163	5.279900550842285
0.43211499	5.3361194133758545
0.432113622	5.369844675064087
0.432095869	5.405100107192993
0.43205556	5.453106641769409
0.43202791100000004	5.502368688583374
0.43201132200000003	5.5531439781188965
0.432008121	5.602269649505615
0.43203364499999997	5.654271125793457
0.432049477	5.6797285079956055
0.432051631	5.736627817153931
0.432100671	5.779824256896973
0.432090339	5.835598468780518
0.432078436	5.885048151016235
0.43206999500000004	5.935480833053589
0.43209304600000004	5.965441703796387
0.432082074	5.99626612663269
0.43210046700000004	6.029903411865234
0.43209982700000005	6.079843759536743
0.43209982700000005	6.137289047241211
0.43211394200000003	6.1861252784729
0.432062719	6.22936224937439
0.43204170700000005	6.263310432434082
0.432022411	6.286220073699951
0.432031404	6.3305816650390625
0.432024623	6.395484685897827
0.43200483199999995	6.435445547103882
0.432010915	6.47974419593811
0.431980676	6.536426544189453
0.431995461	6.569880723953247
0.432005443	6.60369873046875
0.43200393	6.652968645095825
0.43202555400000003	6.7022013664245605
0.432045577	6.753018140792847
0.432050176	6.80315375328064
0.432065543	6.852790832519531
0.432074943	6.886367082595825
0.432038447	6.93601655960083
0.43204231800000004	6.985175371170044
0.432010333	7.035804510116577
0.432023255	7.0838682651519775
0.432015135	7.13533616065979
0.43200780099999997	7.162782669067383
0.43199004700000004	7.196285724639893
0.432014582	7.2352728843688965
0.43202264399999996	7.285204887390137
0.43200131	7.33738374710083
0.432008703	7.385117292404175
0.43199578099999997	7.429702043533325
0.431995606	7.4629833698272705
0.431983935	7.49626350402832
0.431994849	7.535280466079712
0.43200558899999997	7.584872007369995
0.431990658	7.636122703552246
0.432013272	7.68526554107666
0.43201106	7.736052989959717
0.432037195	7.77181339263916
0.432018773	7.801835298538208
0.432017463	7.852548122406006
0.43200774200000003	7.90270471572876
0.43200643299999997	7.952537536621094
0.431971013	8.00231146812439
0.431963592	8.053022623062134
0.43195684	8.079442739486694
0.431943859	8.135617971420288
0.43195486099999997	8.185130596160889
0.43194775900000004	8.235228776931763
0.43197418600000004	8.28472638130188
0.431968714	8.329027652740479
0.432006811	8.362470149993896
0.432011846	8.386205673217773
0.432041386	8.429266214370728
0.432031899	8.485190153121948
0.432020606	8.537177801132202
0.43202942499999997	8.585114240646362
0.43201382499999996	8.63572907447815
0.431994791	8.669379472732544
0.431981724	8.702757596969604
0.431985798	8.752466917037964
0.431963592	8.802695035934448
0.43195750899999996	8.85222840309143
0.4319406	8.902408599853516
0.43193189800000004	8.952323913574219
0.431958411	8.987518548965454
0.43195416200000003	9.035001277923584
0.431972847	9.085015773773193
0.431950291	9.13594126701355
0.431970373	9.185882568359375
0.431966444	9.234973192214966
0.43199514	9.262416124343872
0.431985536	9.295641422271729
0.432004774	9.335817575454712
0.432021596	9.385014057159424
0.431999419	9.435844659805298
0.432030734	9.484882831573486
0.4320062	9.53493857383728
0.43199936	9.56305456161499
0.431975786	9.595686435699463
0.431986526	9.635828495025635
0.431991328	9.68496060371399
0.431964843	9.735551118850708
0.43196938300000004	9.784952640533447
0.43194936	9.83494234085083
0.431964523	9.862668514251709
0.43197124600000003	9.886413097381592
0.43197840600000004	9.93497610092163
0.43197968600000003	9.98494291305542
0.431983877	10.03546142578125
0.43200035	10.084882497787476
0.431987224	10.13653826713562
0.431993307	10.162757396697998
0.43197610599999997	10.195889234542847
0.432000408	10.234687805175781
0.431993947	10.284839391708374
0.431984547	10.335868120193481
0.431997119	10.384940385818481
0.431972236	10.434572219848633
0.431975437	10.465404748916626
0.431973225	10.495779991149902
0.431984547	10.537688255310059
0.431967492	10.584906578063965
0.43193870799999995	10.636906385421753
0.431972236	10.684553623199463
0.431960012	10.734965324401855
0.43196816099999996	10.76242995262146
0.431953842	10.79585313796997
0.431977096	10.829065322875977
0.43198198499999996	10.879176616668701
0.431967113	10.937963724136353
0.43201030300000004	10.98485517501831
0.431993249	11.02908992767334
0.431992579	11.056907176971436
0.431988388	11.095710515975952
0.43199004700000004	11.134876012802124
0.431983499	11.18487811088562
0.43196702600000003	11.23571228981018
0.431957684	11.284480333328247
0.431936176	11.337538242340088
0.43194449999999995	11.368200302124023
0.431923167	11.395675420761108
0.431958411	11.434893369674683
0.431953784	11.484765768051147
0.431931607	11.53543210029602
0.43195430799999995	11.584873914718628
0.43195992499999997	11.635563373565674
0.431964843	11.662046432495117
0.43195614099999996	11.69591498374939
0.431972003	11.736346960067749
0.43198996	11.784840822219849
0.431965222	11.835769653320312
0.431970926	11.884801149368286
0.43194709	11.934874296188354
0.431954919	11.96247911453247
0.431943568	11.98561143875122
0.431951019	12.034680843353271
0.431936845	12.084816217422485
0.431931549	12.138366937637329
0.431929948	12.185649871826172
0.431896304	12.234406232833862
0.431918335	12.262306213378906
0.431913912	12.285846471786499
0.431922614	12.33464503288269
0.431907043	12.384700775146484
0.431903492	12.435595989227295
0.431926397	12.484739303588867
0.43191606499999996	12.535479068756104
0.431913912	12.562251329421997
0.431597233	12.595838785171509
0.43152069000000004	12.635353088378906
0.431503606	12.68473768234253
0.43149286600000003	12.735739946365356
0.431509019	12.784414291381836
0.431468681	12.833519458770752
0.43147097999999995	12.863608598709106
0.43145613699999996	12.890265226364136
0.431466702	12.936696767807007
0.43146938	12.979892492294312
0.431442575	13.035089492797852
0.43145055000000004	13.084407567977905
0.431437686	13.134350299835205
0.431430963	13.164566278457642
0.431445776	13.187772274017334
Power (dBm)
26.35469494091722