Power (mW)	Time (sek)
0.663197367	0.13437533378601074
0.6631458530000001	0.13437533378601074
0.6631573199999999	0.13437533378601074
0.663132814	0.13437533378601074
0.663159939	0.13437533378601074
0.663217332	0.13437533378601074
0.663265062	0.13437533378601074
0.663259998	0.13437533378601074
0.663230254	0.13437533378601074
0.663090148	0.13437533378601074
0.662956329	0.13437533378601074
0.662823732	0.13437533378601074
0.662735431	0.13437533378601074
0.66263054	0.13437533378601074
0.662556908	0.13437533378601074
0.6624515519999999	0.13437533378601074
0.6623243679999999	0.13437533378601074
0.6622151700000001	0.13437533378601074
0.662124017	0.13437533378601074
0.662061386	0.13437533378601074
0.662010687	0.13437533378601074
0.6620207570000001	0.13437533378601074
0.661926635	0.13437533378601074
0.661755796	0.13437533378601074
0.661547412	0.13437533378601074
0.661353231	0.13437533378601074
0.661248923	0.13437533378601074
0.6612050349999999	0.13437533378601074
0.661228609	0.13437533378601074
0.661309576	0.13437533378601074
0.661490601	0.13437533378601074
0.661612954	0.13437533378601074
0.66171441	0.13437533378601074
0.661799219	0.13437533378601074
0.661833736	0.13437533378601074
0.661899918	0.13437533378601074
0.662018138	0.13437533378601074
0.662153994	0.13437533378601074
0.662183389	0.13437533378601074
0.662091596	0.13437533378601074
0.6619858319999999	0.13437533378601074
0.661911967	0.13437533378601074
0.661849743	0.13437533378601074
0.661797647	0.13437533378601074
0.66171959	0.13437533378601074
0.6615842580000001	0.13437533378601074
0.661454222	0.13437533378601074
0.66149229	0.13437533378601074
0.661504338	0.13437533378601074
0.661492697	0.13437533378601074
0.661400962	0.13437533378601074
0.661213242	0.13437533378601074
0.661136524	0.13437533378601074
0.66112366	0.13437533378601074
0.661183614	0.13437533378601074
0.6611747090000001	0.13437533378601074
0.6611823920000001	0.13437533378601074
0.66128961	0.13437533378601074
0.661350263	0.13437533378601074
0.661279191	0.13437533378601074
0.6614039300000001	0.13437533378601074
0.661380356	0.13437533378601074
0.661292695	0.13437533378601074
0.6613667360000001	0.13437533378601074
0.661480473	0.13437533378601074
0.661512255	0.13437533378601074
0.661570404	0.13437533378601074
0.661711441	0.13437533378601074
0.661718776	0.13437533378601074
0.661716156	0.13437533378601074
0.661965169	0.13437533378601074
0.662337407	0.13437533378601074
0.665831147	0.13437533378601074
0.666539709	0.13437533378601074
0.665483065	0.13437533378601074
0.658300007	0.13437533378601074
0.657582947	0.13437533378601074
0.658396631	0.13437533378601074
0.6605662059999999	0.13437533378601074
0.6624789090000001	0.13437533378601074
0.66456123	0.13437533378601074
0.656019489	0.13437533378601074
0.653556199	0.13437533378601074
0.6528733649999999	0.13437533378601074
0.653789262	0.13437533378601074
0.660003629	0.13437533378601074
0.6665397670000001	0.13437533378601074
0.661957078	0.13437533378601074
0.655996206	0.13437533378601074
0.655246258	0.13437533378601074
0.658718112	0.13437533378601074
0.66294038	0.13437533378601074
0.667194312	0.13437533378601074
0.668285764	0.13437533378601074
0.664041203	0.13437533378601074
0.662292354	0.13437533378601074
0.66434202	0.13437533378601074
0.669646426	0.13437533378601074
0.672133639	0.13437533378601074
0.6747131700000001	0.13437533378601074
0.675813004	0.13437533378601074
0.671230606	0.13437533378601074
0.67278085	0.13437533378601074
0.674796349	0.13437533378601074
0.677917444	0.13437533378601074
0.6794855000000001	0.13437533378601074
0.680131023	0.13437533378601074
0.680338824	0.13437533378601074
0.678372453	0.13437533378601074
0.679342018	0.13437533378601074
0.68098132	0.13437533378601074
0.6819076949999999	0.13437533378601074
0.682201062	0.13437533378601074
0.682177837	0.13437533378601074
0.68200432	0.13437533378601074
0.6815787059999999	0.13437533378601074
0.6810593770000001	0.13437533378601074
0.681114907	0.13437533378601074
0.681347679	0.13437533378601074
0.681486796	0.13437533378601074
0.681242498	0.13437533378601074
0.680947327	0.13437533378601074
0.680553494	0.13437533378601074
0.680355821	0.13437533378601074
0.680329103	0.13437533378601074
0.6802365530000001	0.13437533378601074
0.680970552	0.13437533378601074
0.681388075	0.13437533378601074
0.681525911	0.13437533378601074
0.681574165	0.13437533378601074
0.681497797	0.13437533378601074
0.681636273	0.13437533378601074
0.681865495	0.13437533378601074
0.681946112	0.13437533378601074
0.68171788	0.13437533378601074
0.680621481	0.13437533378601074
0.678888115	0.13437533378601074
0.677907723	0.13437533378601074
0.678411685	0.13437533378601074
0.679278164	0.13437533378601074
0.680085504	0.13437533378601074
0.680577476	0.13437533378601074
0.680663972	0.13437533378601074
0.679804129	0.13437533378601074
0.678357203	0.13437533378601074
0.677683507	0.13437533378601074
0.67771459	0.13437533378601074
0.678648241	0.13437533378601074
0.680375088	0.13437533378601074
0.6815443050000001	0.13437533378601074
0.681723992	0.13437533378601074
0.681425037	0.13437533378601074
0.681109203	0.13437533378601074
0.680711819	0.13437533378601074
0.6800798	0.13437533378601074
0.679672987	0.13437533378601074
0.67930331	0.13437533378601074
0.678523502	0.13437533378601074
0.678890734	0.13437533378601074
0.6795054650000001	0.13437533378601074
0.679843302	0.13437533378601074
0.6797258970000001	0.13437533378601074
0.6786810120000001	0.13437533378601074
0.678287877	0.13437533378601074
0.678870827	0.13437533378601074
0.679291377	0.13437533378601074
0.679132005	0.13437533378601074
0.67878986	0.13437533378601074
0.6782340929999999	0.13437533378601074
0.67754573	0.13437533378601074
0.677848584	0.13437533378601074
0.678956334	0.13437533378601074
0.679455406	0.13437533378601074
0.679611636	0.13437533378601074
0.679664954	0.13437533378601074
0.679388584	0.13437533378601074
0.679152668	0.13437533378601074
0.679316872	0.13437533378601074
0.679280143	0.13437533378601074
0.679108547	0.13437533378601074
0.6790187329999999	0.13437533378601074
0.678863958	0.13437533378601074
0.678610173	0.13437533378601074
0.6781652340000001	0.13437533378601074
0.677780772	0.13437533378601074
0.677558302	0.13437533378601074
0.677335192	0.13437533378601074
0.677191594	0.13437533378601074
0.677015341	0.13437533378601074
0.676841708	0.13437533378601074
0.67691732	0.13437533378601074
0.677025469	0.13437533378601074
0.676878321	0.13437533378601074
0.676460681	0.13437533378601074
0.6760894319999999	0.13437533378601074
0.675596471	0.13437533378601074
0.6747925650000001	0.13437533378601074
0.673936447	0.13437533378601074
0.673486094	0.13437533378601074
0.673607865	0.13437533378601074
0.673782954	0.13437533378601074
0.673867122	0.13437533378601074
0.67393569	0.13437533378601074
0.6739015810000001	0.13437533378601074
0.673802919	0.13437533378601074
0.67359989	0.13437533378601074
0.67327288	0.13437533378601074
0.672977767	0.13437533378601074
0.672928174	0.13437533378601074
0.672953785	0.13437533378601074
0.672969676	0.13437533378601074
0.672864087	0.13437533378601074
0.6727403959999999	0.13437533378601074
0.672403839	0.13437533378601074
0.672130962	0.13437533378601074
0.67205017	0.13437533378601074
0.6720542439999999	0.13437533378601074
0.6720215310000001	0.13437533378601074
0.671774847	0.13437533378601074
0.6715572670000001	0.13437533378601074
0.671263027	0.13437533378601074
0.671082176	0.13437533378601074
0.671011163	0.13437533378601074
0.670965528	0.13437533378601074
0.670972862	0.13437533378601074
0.670965703	0.13437533378601074
0.6707736759999999	0.13437533378601074
0.6703350809999999	0.13437533378601074
0.6699617950000001	0.13437533378601074
0.669717032	0.13437533378601074
0.669465226	0.13437533378601074
0.669066852	0.13437533378601074
0.668652472	0.13437533378601074
0.668545137	0.13437533378601074
0.668574183	0.13437533378601074
0.668506953	0.13437533378601074
0.66836318	0.13437533378601074
0.66818815	0.13437533378601074
0.66789228	0.13437533378601074
0.667467597	0.13437533378601074
0.667086453	0.13437533378601074
0.666827022	0.13437533378601074
0.66664553	0.13437533378601074
0.6665309770000001	0.13437533378601074
0.6664856920000001	0.13437533378601074
0.6665051909999999	0.13437533378601074
0.666355598	0.13437533378601074
0.666017004	0.13437533378601074
0.665446336	0.13437533378601074
0.664904306	0.13437533378601074
0.664622639	0.13437533378601074
0.664445746	0.13437533378601074
0.664263382	0.13437533378601074
0.6639569759999999	0.13437533378601074
0.663616287	0.13437533378601074
0.663318671	0.13437533378601074
0.663019833	0.13437533378601074
0.662805745	0.13437533378601074
0.662612438	0.13437533378601074
0.6623274530000001	0.13437533378601074
0.6619962509999999	0.13437533378601074
0.661831582	0.13437533378601074
0.66169037	0.13437533378601074
0.6616507309999999	0.13437533378601074
0.6616848399999999	0.13437533378601074
0.661757542	0.13437533378601074
0.661868951	0.13437533378601074
0.661964354	0.13437533378601074
0.66217914	0.13437533378601074
0.662314123	0.13437533378601074
0.662380538	0.13437533378601074
0.6623946249999999	0.13437533378601074
0.662403705	0.13437533378601074
0.6623328079999999	0.13437533378601074
0.66213758	0.13437533378601074
0.662119244	0.13437533378601074
0.662252889	0.13437533378601074
0.662497943	0.13437533378601074
0.662573555	0.13437533378601074
0.662570063	0.13437533378601074
0.66246558	0.13437533378601074
0.662301609	0.13437533378601074
0.662239385	0.13437533378601074
0.662303763	0.13437533378601074
0.662385195	0.13437533378601074
0.662404927	0.13437533378601074
0.662419712	0.13437533378601074
0.662406033	0.13437533378601074
0.662404054	0.13437533378601074
0.662541017	0.13437533378601074
0.6627040569999999	0.13437533378601074
0.662817678	0.13437533378601074
0.662817678	0.13437533378601074
0.662816979	0.13437533378601074
0.6627740799999999	0.13437533378601074
0.662755687	0.13437533378601074
0.662719947	0.13437533378601074
0.662638398	0.13437533378601074
0.662592007	0.13437533378601074
0.6625055679999999	0.13437533378601074
Power (dBm)
28.25532650159316