Power (mW)	Time (sek)
0.51433238	0.1387925148010254
0.514311367	0.1387925148010254
0.514273357	0.1387925148010254
0.5141329020000001	0.1387925148010254
0.51400729	0.1387925148010254
0.51397254	0.1387925148010254
0.513883773	0.1387925148010254
0.513782201	0.1387925148010254
0.513711304	0.1387925148010254
0.513636915	0.1387925148010254
0.513737381	0.1387925148010254
0.513823354	0.1387925148010254
0.513979583	0.1387925148010254
0.5138530400000001	0.1387925148010254
0.514009909	0.1387925148010254
0.513917883	0.1387925148010254
0.513812702	0.1387925148010254
0.513886567	0.1387925148010254
0.514047453	0.1387925148010254
0.514027604	0.1387925148010254
0.5141894220000001	0.1387925148010254
0.514150248	0.1387925148010254
0.5141784199999999	0.1387925148010254
0.5142939040000001	0.1387925148010254
0.5143543239999999	0.1387925148010254
0.5143581660000001	0.1387925148010254
0.514411018	0.1387925148010254
0.514415675	0.1387925148010254
0.514424348	0.1387925148010254
0.5143382	0.1387925148010254
0.5142397129999999	0.1387925148010254
0.514158921	0.1387925148010254
0.514080573	0.1387925148010254
0.5140454160000001	0.1387925148010254
0.514051004	0.1387925148010254
0.513940584	0.1387925148010254
0.514058978	0.1387925148010254
0.513989944	0.1387925148010254
0.513753563	0.1387925148010254
0.513553736	0.1387925148010254
0.513832085	0.1387925148010254
0.5140063	0.1387925148010254
0.5140982679999999	0.1387925148010254
0.514158339	0.1387925148010254
0.5137028060000001	0.1387925148010254
0.513264618	0.1387925148010254
0.513539533	0.1387925148010254
0.5143808670000001	0.1387925148010254
0.515754218	0.1387925148010254
0.516296364	0.1387925148010254
0.514678366	0.1387925148010254
0.513983076	0.1387925148010254
0.514894433	0.1387925148010254
0.51578175	0.1387925148010254
0.5164964240000001	0.1387925148010254
0.515848282	0.1387925148010254
0.513912353	0.1387925148010254
0.513978011	0.1387925148010254
0.514838088	0.1387925148010254
0.514859217	0.1387925148010254
0.516872562	0.1387925148010254
0.5179106960000001	0.1387925148010254
0.515044492	0.1387925148010254
0.5143191079999999	0.1387925148010254
0.515321794	0.1387925148010254
0.515521911	0.1387925148010254
0.517515582	0.1387925148010254
0.520844944	0.1387925148010254
0.519556925	0.1387925148010254
0.517108478	0.1387925148010254
0.51755819	0.1387925148010254
0.51349093	0.1387925148010254
0.5146206240000001	0.1387925148010254
0.5184639010000001	0.1387925148010254
0.519108202	0.1387925148010254
0.516794389	0.1387925148010254
0.516359753	0.1387925148010254
0.518187415	0.1387925148010254
0.5191478989999999	0.1387925148010254
0.523721159	0.1387925148010254
0.528368924	0.1387925148010254
0.522628136	0.1387925148010254
0.521558977	0.1387925148010254
0.521919283	0.1387925148010254
0.521275564	0.1387925148010254
0.520712696	0.1387925148010254
0.521896989	0.1387925148010254
0.521397218	0.1387925148010254
0.5194994740000001	0.1387925148010254
0.518736721	0.1387925148010254
0.5183952159999999	0.1387925148010254
0.519291672	0.1387925148010254
0.520060828	0.1387925148010254
0.520386267	0.1387925148010254
0.5183760660000001	0.1387925148010254
0.511720253	0.1387925148010254
0.507368764	0.1387925148010254
0.5063929709999999	0.1387925148010254
0.5082474669999999	0.1387925148010254
0.5140121209999999	0.1387925148010254
0.519926485	0.1387925148010254
0.517154986	0.1387925148010254
0.512496568	0.1387925148010254
0.512137369	0.1387925148010254
0.5126641479999999	0.1387925148010254
0.515426975	0.1387925148010254
0.5207519860000001	0.1387925148010254
0.525068259	0.1387925148010254
0.5226556099999999	0.1387925148010254
0.520477013	0.1387925148010254
0.520318223	0.1387925148010254
0.521429814	0.1387925148010254
0.522461953	0.1387925148010254
0.5291908160000001	0.1387925148010254
0.533418788	0.1387925148010254
0.529952289	0.1387925148010254
0.527355995	0.1387925148010254
0.525939453	0.1387925148010254
0.525371637	0.1387925148010254
0.526948017	0.1387925148010254
0.53275231	0.1387925148010254
0.5309233090000001	0.1387925148010254
0.5266260700000001	0.1387925148010254
0.5264096540000001	0.1387925148010254
0.526815653	0.1387925148010254
0.528352452	0.1387925148010254
0.532104168	0.1387925148010254
0.531361671	0.1387925148010254
0.526495976	0.1387925148010254
0.524388743	0.1387925148010254
0.5243671480000001	0.1387925148010254
0.527641329	0.1387925148010254
0.533253653	0.1387925148010254
0.538086286	0.1387925148010254
0.534424733	0.1387925148010254
0.531532103	0.1387925148010254
0.535515486	0.1387925148010254
0.53902436	0.1387925148010254
0.542339229	0.1387925148010254
0.546113355	0.1387925148010254
0.545654795	0.1387925148010254
0.5410641319999999	0.1387925148010254
0.535981904	0.1387925148010254
0.5294149739999999	0.1387925148010254
0.527041848	0.1387925148010254
0.524913485	0.1387925148010254
0.5189952790000001	0.1387925148010254
0.514409214	0.1387925148010254
0.510199519	0.1387925148010254
0.5040616960000001	0.1387925148010254
0.503272226	0.1387925148010254
0.514357584	0.1387925148010254
0.520513393	0.1387925148010254
0.519987487	0.1387925148010254
0.51625073	0.1387925148010254
0.5097785029999999	0.1387925148010254
0.502125535	0.1387925148010254
0.5016900249999999	0.1387925148010254
0.5016057979999999	0.1387925148010254
0.502201961	0.1387925148010254
0.503431598	0.1387925148010254
0.503701449	0.1387925148010254
0.503454125	0.1387925148010254
0.50482573	0.1387925148010254
0.510428334	0.1387925148010254
0.513319741	0.1387925148010254
0.5159599819999999	0.1387925148010254
0.5180381700000001	0.1387925148010254
0.520118396	0.1387925148010254
0.521410897	0.1387925148010254
0.522357179	0.1387925148010254
0.523019116	0.1387925148010254
0.5250969550000001	0.1387925148010254
0.526129559	0.1387925148010254
0.527641329	0.1387925148010254
0.529105833	0.1387925148010254
0.530036166	0.1387925148010254
0.5272411509999999	0.1387925148010254
0.528043543	0.1387925148010254
0.529305311	0.1387925148010254
0.530043617	0.1387925148010254
0.5302676000000001	0.1387925148010254
0.53026469	0.1387925148010254
0.530266319	0.1387925148010254
0.530983205	0.1387925148010254
0.530372548	0.1387925148010254
0.529784767	0.1387925148010254
0.5298952459999999	0.1387925148010254
0.531001075	0.1387925148010254
0.533728686	0.1387925148010254
0.535696221	0.1387925148010254
0.5374909959999999	0.1387925148010254
0.537900953	0.1387925148010254
0.5374535100000001	0.1387925148010254
0.537490007	0.1387925148010254
0.538176682	0.1387925148010254
0.537921675	0.1387925148010254
0.537042739	0.1387925148010254
0.5375274919999999	0.1387925148010254
0.5390421719999999	0.1387925148010254
0.541425426	0.1387925148010254
0.543073344	0.1387925148010254
0.544584705	0.1387925148010254
0.5456808719999999	0.1387925148010254
0.544846756	0.1387925148010254
0.543920556	0.1387925148010254
0.541756919	0.1387925148010254
0.5419905060000001	0.1387925148010254
0.542525842	0.1387925148010254
0.542330206	0.1387925148010254
0.540747133	0.1387925148010254
0.539231056	0.1387925148010254
0.538874243	0.1387925148010254
0.5407736169999999	0.1387925148010254
0.542346097	0.1387925148010254
0.542472	0.1387925148010254
0.541967689	0.1387925148010254
0.540492882	0.1387925148010254
0.539136701	0.1387925148010254
0.539725879	0.1387925148010254
0.540815876	0.1387925148010254
0.540951791	0.1387925148010254
0.5404362460000001	0.1387925148010254
0.5395230839999999	0.1387925148010254
0.538117194	0.1387925148010254
0.537021726	0.1387925148010254
0.537020329	0.1387925148010254
0.537111075	0.1387925148010254
0.537649496	0.1387925148010254
0.538173539	0.1387925148010254
0.538707653	0.1387925148010254
0.539170287	0.1387925148010254
0.539475703	0.1387925148010254
0.539949746	0.1387925148010254
0.539544155	0.1387925148010254
0.537901942	0.1387925148010254
0.537107931	0.1387925148010254
0.53655979	0.1387925148010254
0.536615262	0.1387925148010254
0.5379985089999999	0.1387925148010254
0.5396397319999999	0.1387925148010254
0.5399307699999999	0.1387925148010254
0.538168242	0.1387925148010254
0.5369728899999999	0.1387925148010254
0.536021078	0.1387925148010254
0.5352626899999999	0.1387925148010254
0.534847262	0.1387925148010254
0.534658844	0.1387925148010254
0.53456868	0.1387925148010254
0.534015708	0.1387925148010254
0.5334646559999999	0.1387925148010254
0.533205224	0.1387925148010254
0.533584156	0.1387925148010254
0.534379098	0.1387925148010254
0.535136787	0.1387925148010254
0.535235566	0.1387925148010254
0.535456405	0.1387925148010254
0.535796687	0.1387925148010254
0.536215259	0.1387925148010254
0.536746753	0.1387925148010254
0.537484535	0.1387925148010254
0.537959568	0.1387925148010254
0.538250606	0.1387925148010254
0.5387912389999999	0.1387925148010254
0.53911109	0.1387925148010254
0.539312605	0.1387925148010254
0.539346307	0.1387925148010254
0.5394290780000001	0.1387925148010254
0.539368775	0.1387925148010254
0.539027154	0.1387925148010254
0.5389082359999999	0.1387925148010254
0.5389478759999999	0.1387925148010254
0.5389929280000001	0.1387925148010254
0.538843276	0.1387925148010254
0.538521097	0.1387925148010254
0.538270222	0.1387925148010254
0.5379256330000001	0.1387925148010254
0.5371372099999999	0.1387925148010254
0.536508451	0.1387925148010254
0.535817526	0.1387925148010254
0.535043422	0.1387925148010254
0.5343175139999999	0.1387925148010254
0.533983461	0.1387925148010254
0.533995626	0.1387925148010254
0.5345926040000001	0.1387925148010254
0.5350267750000001	0.1387925148010254
0.5353608289999999	0.1387925148010254
0.535590632	0.1387925148010254
0.5354814929999999	0.1387925148010254
0.5355735779999999	0.1387925148010254
0.536336331	0.1387925148010254
0.537174114	0.1387925148010254
0.537702523	0.1387925148010254
0.538253516	0.1387925148010254
0.538702123	0.1387925148010254
0.538581109	0.1387925148010254
0.5382506640000001	0.1387925148010254
0.5379355859999999	0.1387925148010254
0.537897518	0.1387925148010254
0.538080756	0.1387925148010254
Power (dBm)
27.21176281065315