Power (mW)	Time (sek)
0.65463566	0.13663125038146973
0.654681993	0.13663125038146973
0.654683739	0.13663125038146973
0.654697942	0.13663125038146973
0.654698873	0.13663125038146973
0.654707372	0.13663125038146973
0.6546869409999999	0.13663125038146973
0.654687581	0.13663125038146973
0.654649222	0.13663125038146973
0.6546595829999999	0.13663125038146973
0.6545947980000001	0.13663125038146973
0.654562667	0.13663125038146973
0.6545091160000001	0.13663125038146973
0.654467149	0.13663125038146973
0.6544347269999999	0.13663125038146973
0.6543796630000001	0.13663125038146973
0.654345844	0.13663125038146973
0.654303585	0.13663125038146973
0.654307019	0.13663125038146973
0.65428036	0.13663125038146973
0.654313422	0.13663125038146973
0.6542900229999999	0.13663125038146973
0.654285832	0.13663125038146973
0.654324016	0.13663125038146973
0.654314936	0.13663125038146973
0.654325704	0.13663125038146973
0.654231058	0.13663125038146973
0.654309581	0.13663125038146973
0.6543651109999999	0.13663125038146973
0.6543619089999999	0.13663125038146973
0.654415984	0.13663125038146973
0.654447766	0.13663125038146973
0.654488686	0.13663125038146973
0.654475531	0.13663125038146973
0.654495787	0.13663125038146973
0.6545101059999999	0.13663125038146973
0.654532574	0.13663125038146973
0.654577918	0.13663125038146973
0.654614647	0.13663125038146973
0.654639851	0.13663125038146973
0.654653646	0.13663125038146973
0.654691423	0.13663125038146973
0.6546992229999999	0.13663125038146973
0.654742995	0.13663125038146973
0.654727104	0.13663125038146973
0.654646254	0.13663125038146973
0.654658186	0.13663125038146973
0.654640549	0.13663125038146973
0.6545907820000001	0.13663125038146973
0.654552889	0.13663125038146973
0.654436008	0.13663125038146973
0.654427102	0.13663125038146973
0.654359348	0.13663125038146973
0.654417439	0.13663125038146973
0.654582691	0.13663125038146973
0.654525298	0.13663125038146973
0.654431293	0.13663125038146973
0.654158124	0.13663125038146973
0.654066389	0.13663125038146973
0.653738913	0.13663125038146973
0.6535956049999999	0.13663125038146973
0.653856318	0.13663125038146973
0.6539535830000001	0.13663125038146973
0.653843628	0.13663125038146973
0.65378868	0.13663125038146973
0.6536867000000001	0.13663125038146973
0.653522206	0.13663125038146973
0.6535555	0.13663125038146973
0.653492461	0.13663125038146973
0.653481635	0.13663125038146973
0.6535570719999999	0.13663125038146973
0.6535187130000001	0.13663125038146973
0.653458643	0.13663125038146973
0.653244962	0.13663125038146973
0.6533710979999999	0.13663125038146973
0.653480354	0.13663125038146973
0.6535251160000001	0.13663125038146973
0.653526688	0.13663125038146973
0.653423776	0.13663125038146973
0.6535555590000001	0.13663125038146973
0.652793213	0.13663125038146973
0.650910777	0.13663125038146973
0.6491740930000001	0.13663125038146973
0.6490569789999999	0.13663125038146973
0.649507681	0.13663125038146973
0.6501007590000001	0.13663125038146973
0.6506205540000001	0.13663125038146973
0.651203911	0.13663125038146973
0.651579583	0.13663125038146973
0.652070972	0.13663125038146973
0.652501592	0.13663125038146973
0.6527375080000001	0.13663125038146973
0.653009745	0.13663125038146973
0.65301737	0.13663125038146973
0.653093506	0.13663125038146973
0.653170689	0.13663125038146973
0.65302226	0.13663125038146973
0.653048803	0.13663125038146973
0.653134892	0.13663125038146973
0.653195137	0.13663125038146973
0.653282739	0.13663125038146973
0.6532452529999999	0.13663125038146973
0.652911665	0.13663125038146973
0.652775401	0.13663125038146973
0.652682851	0.13663125038146973
0.652656134	0.13663125038146973
0.6525599750000001	0.13663125038146973
0.6525816280000001	0.13663125038146973
0.652499846	0.13663125038146973
0.6520549069999999	0.13663125038146973
0.652005547	0.13663125038146973
0.651854672	0.13663125038146973
0.6515772550000001	0.13663125038146973
0.651731796	0.13663125038146973
0.651431852	0.13663125038146973
0.65100909	0.13663125038146973
0.650982198	0.13663125038146973
0.65116951	0.13663125038146973
0.651835639	0.13663125038146973
0.654063944	0.13663125038146973
0.6546542280000001	0.13663125038146973
0.654095842	0.13663125038146973
0.654291129	0.13663125038146973
0.653386582	0.13663125038146973
0.65148907	0.13663125038146973
0.648617512	0.13663125038146973
0.646629545	0.13663125038146973
0.645574881	0.13663125038146973
0.646790257	0.13663125038146973
0.646470173	0.13663125038146973
0.640974438	0.13663125038146973
0.639950798	0.13663125038146973
0.63956331	0.13663125038146973
0.63951232	0.13663125038146973
0.638430065	0.13663125038146973
0.6328243760000001	0.13663125038146973
0.62974263	0.13663125038146973
0.626579393	0.13663125038146973
0.623666332	0.13663125038146973
0.61973941	0.13663125038146973
0.614783843	0.13663125038146973
0.610613497	0.13663125038146973
0.608472736	0.13663125038146973
0.6063634059999999	0.13663125038146973
0.604798028	0.13663125038146973
0.604290748	0.13663125038146973
0.60266332	0.13663125038146973
0.600143569	0.13663125038146973
0.594538695	0.13663125038146973
0.587496965	0.13663125038146973
0.587530318	0.13663125038146973
0.5881871909999999	0.13663125038146973
0.588508788	0.13663125038146973
0.588380499	0.13663125038146973
0.5888693269999999	0.13663125038146973
0.590836513	0.13663125038146973
0.59928291	0.13663125038146973
0.6050036750000001	0.13663125038146973
0.60837646	0.13663125038146973
0.6087682560000001	0.13663125038146973
0.609481533	0.13663125038146973
0.610256684	0.13663125038146973
0.611607626	0.13663125038146973
0.61356643	0.13663125038146973
0.613322656	0.13663125038146973
0.611686846	0.13663125038146973
0.6114042479999999	0.13663125038146973
0.611903728	0.13663125038146973
0.613542157	0.13663125038146973
0.61628432	0.13663125038146973
0.616758654	0.13663125038146973
0.615416968	0.13663125038146973
0.6139960609999999	0.13663125038146973
0.613266544	0.13663125038146973
0.612500182	0.13663125038146973
0.611791853	0.13663125038146973
0.611228752	0.13663125038146973
0.610121118	0.13663125038146973
0.6101081380000001	0.13663125038146973
0.610178569	0.13663125038146973
0.610732532	0.13663125038146973
0.6113887650000001	0.13663125038146973
0.6121713089999999	0.13663125038146973
0.61273115	0.13663125038146973
0.6125465149999999	0.13663125038146973
0.611467287	0.13663125038146973
0.610841555	0.13663125038146973
0.61087386	0.13663125038146973
0.61077287	0.13663125038146973
0.611259311	0.13663125038146973
0.612822361	0.13663125038146973
0.615942874	0.13663125038146973
0.619784172	0.13663125038146973
0.620201405	0.13663125038146973
0.61881484	0.13663125038146973
0.61733555	0.13663125038146973
0.616360572	0.13663125038146973
0.615724945	0.13663125038146973
0.6173912549999999	0.13663125038146973
0.6187571559999999	0.13663125038146973
0.619641971	0.13663125038146973
0.619698956	0.13663125038146973
0.6195286409999999	0.13663125038146973
0.618822	0.13663125038146973
0.6183081420000001	0.13663125038146973
0.618267164	0.13663125038146973
0.618223741	0.13663125038146973
0.6179737390000001	0.13663125038146973
0.6181740899999999	0.13663125038146973
0.6183864899999999	0.13663125038146973
0.618906575	0.13663125038146973
0.6194249730000001	0.13663125038146973
0.6195695609999999	0.13663125038146973
0.6193259609999999	0.13663125038146973
0.618809485	0.13663125038146973
0.618485734	0.13663125038146973
0.6181445210000001	0.13663125038146973
0.617813377	0.13663125038146973
0.617366924	0.13663125038146973
0.617526297	0.13663125038146973
0.6181223429999999	0.13663125038146973
0.618626946	0.13663125038146973
0.61870052	0.13663125038146973
0.618761289	0.13663125038146973
0.618708669	0.13663125038146973
0.618476013	0.13663125038146973
0.617860351	0.13663125038146973
0.617809943	0.13663125038146973
0.618573395	0.13663125038146973
0.618878112	0.13663125038146973
0.618859893	0.13663125038146973
0.618737075	0.13663125038146973
0.618184218	0.13663125038146973
0.617672224	0.13663125038146973
0.617445272	0.13663125038146973
0.618324557	0.13663125038146973
0.619299244	0.13663125038146973
0.6198962219999999	0.13663125038146973
0.6200137429999999	0.13663125038146973
0.619886618	0.13663125038146973
0.619960949	0.13663125038146973
0.620211358	0.13663125038146973
0.620487437	0.13663125038146973
0.620852807	0.13663125038146973
0.621412124	0.13663125038146973
0.621843152	0.13663125038146973
0.621345709	0.13663125038146973
0.619483122	0.13663125038146973
0.616754347	0.13663125038146973
0.6149577089999999	0.13663125038146973
0.6148195830000001	0.13663125038146973
0.6154061409999999	0.13663125038146973
0.616499397	0.13663125038146973
0.617485668	0.13663125038146973
0.618080143	0.13663125038146973
0.618818158	0.13663125038146973
0.6192699070000001	0.13663125038146973
0.61941077	0.13663125038146973
0.6195346939999999	0.13663125038146973
0.619641505	0.13663125038146973
0.619413971	0.13663125038146973
0.618536258	0.13663125038146973
0.617768266	0.13663125038146973
0.617312908	0.13663125038146973
0.617214362	0.13663125038146973
0.617423328	0.13663125038146973
0.618188293	0.13663125038146973
0.619151746	0.13663125038146973
0.619483122	0.13663125038146973
0.619170372	0.13663125038146973
0.618856866	0.13663125038146973
0.619047089	0.13663125038146973
0.619534752	0.13663125038146973
0.620450883	0.13663125038146973
0.6214005410000001	0.13663125038146973
0.621632324	0.13663125038146973
0.6217976329999999	0.13663125038146973
0.621919637	0.13663125038146973
0.6218653869999999	0.13663125038146973
0.621790532	0.13663125038146973
0.62171265	0.13663125038146973
0.621827843	0.13663125038146973
0.621822022	0.13663125038146973
0.621442741	0.13663125038146973
0.621053216	0.13663125038146973
0.620785635	0.13663125038146973
0.620540406	0.13663125038146973
0.620449951	0.13663125038146973
0.620690756	0.13663125038146973
0.621297804	0.13663125038146973
0.621807936	0.13663125038146973
0.6219276690000001	0.13663125038146973
0.621763756	0.13663125038146973
0.621393556	0.13663125038146973
0.620989653	0.13663125038146973
0.620979758	0.13663125038146973
0.6215865140000001	0.13663125038146973
0.622544263	0.13663125038146973
0.623269822	0.13663125038146973
0.623542524	0.13663125038146973
Power (dBm)
28.010020957541965