Power (mW)	Time (sek)
0.43241391500000004	0.10706019401550293
0.432436558	0.13059353828430176
0.432407163	0.1831812858581543
0.432430999	0.21335077285766602
0.432423549	0.24649405479431152
0.432439439	0.2968449592590332
0.43239581299999996	0.34711647033691406
0.43243359	0.39673519134521484
0.43241842599999997	0.4470665454864502
0.43242934	0.4988057613372803
0.432410365	0.5302698612213135
0.43241743699999996	0.5805656909942627
0.43243033000000003	0.6317691802978516
0.432424917	0.6812288761138916
0.43240905500000004	0.7300534248352051
0.432415516	0.7801620960235596
0.43244136	0.8135638236999512
0.432410976	0.8469836711883545
0.432443951	0.8999574184417725
0.432415545	0.9469707012176514
0.43244456200000003	0.9970438480377197
0.432420027	1.0467960834503174
0.432436616	1.1029095649719238
0.432428467	1.1298775672912598
0.432426197	1.1800193786621094
0.432431436	1.2333130836486816
0.43242934	1.2800607681274414
0.432437082	1.3320295810699463
0.43243970099999995	1.3801310062408447
0.432437839	1.4137535095214844
0.432405184	1.446704387664795
0.43243265799999997	1.497058629989624
0.432411354	1.550084114074707
0.432429631	1.5965855121612549
0.432415545	1.6527318954467773
0.43242101699999996	1.6970531940460205
0.432393339	1.7301669120788574
0.432399771	1.782588005065918
0.432399742	1.829864263534546
0.432398752	1.8800418376922607
0.43240899699999996	1.930234670639038
0.432394212	1.9815144538879395
0.432390021	2.013533115386963
0.432370405	2.046717405319214
0.43240320499999996	2.0964019298553467
0.432385743	2.1467361450195312
0.43240562099999996	2.1965527534484863
0.43237843800000003	2.248561382293701
0.43239654	2.2963485717773438
0.43238743100000004	2.3305513858795166
0.432396162	2.3800928592681885
0.432396191	2.430251359939575
0.43238358899999996	2.4816646575927734
0.43238161	2.5302348136901855
0.432379893	2.5804009437561035
0.432413188	2.6134626865386963
0.432374625	2.646702527999878
0.432397472	2.700411796569824
0.43237095799999997	2.7467784881591797
0.432401284	2.7968661785125732
0.432391302	2.846761703491211
0.43237803	2.8967418670654297
0.432380621	2.932129144668579
0.432380009	2.979966878890991
0.43238551	3.0320656299591064
0.432389148	3.080122232437134
0.432390021	3.1323556900024414
0.432372268	3.182088613510132
0.432373228	3.2124385833740234
0.43237971799999997	3.2394025325775146
0.432389701	3.279632806777954
0.4323865	3.330042839050293
0.43238702300000004	3.380061149597168
0.432413333	3.429701805114746
0.432402972	3.47988224029541
0.432424829	3.5133044719696045
0.432397093	3.548895835876465
0.432426139	3.5966789722442627
0.432457455	3.6498830318450928
0.432448433	3.6962368488311768
0.432416215	3.7467474937438965
0.432426867	3.7964391708374023
0.432424276	3.8301730155944824
0.432397763	3.881871461868286
0.432421104	3.929677963256836
0.43238452099999997	3.9822049140930176
0.432410365	4.0300612449646
0.43241528300000004	4.08333420753479
0.43243486999999997	4.114108562469482
0.432412315	4.13968300819397
0.432426488	4.179956912994385
0.432449364	4.230012655258179
0.432420406	4.280072450637817
0.43243551	4.329854488372803
0.432400964	4.379913330078125
0.43238786700000004	4.415397644042969
0.432358007	4.445737838745117
0.432410103	4.4796929359436035
0.432416768	4.529335975646973
0.432372559	4.582144737243652
0.432398316	4.629268646240234
0.432370027	4.679754257202148
0.432387722	4.713151931762695
0.43238551	4.7461957931518555
0.43241842599999997	4.796159982681274
0.432396482	4.846519231796265
0.432402594	4.896555423736572
0.432392611	4.950543165206909
0.43232998	4.996565341949463
0.43231059699999996	5.0312089920043945
0.43230506700000004	5.079584360122681
0.432337372	5.129934310913086
0.432262459	5.179644823074341
0.432272151	5.229864835739136
0.43226764	5.282288312911987
0.432330213	5.3125739097595215
0.432315486	5.346559286117554
0.432364846	5.396334886550903
0.432336063	5.446690559387207
0.432324188	5.496240139007568
0.432315719	5.550663948059082
0.43230672600000003	5.596157073974609
0.43226574799999995	5.6300272941589355
0.432242785	5.6820409297943115
0.43228743000000003	5.732341289520264
0.432264409	5.7819318771362305
0.43226801800000003	5.829805850982666
0.432299625	5.881603240966797
0.43235154600000003	5.912186861038208
0.432362634	5.9397923946380615
0.432367058	5.97950553894043
0.432356785	6.0297675132751465
0.432345376	6.079548120498657
0.432387111	6.129675388336182
0.43239267000000003	6.182007551193237
0.43241880499999996	6.2122414112091064
0.43240806600000004	6.239984035491943
0.432417815	6.27965521812439
0.432394561	6.329874277114868
0.43236926999999997	6.379122018814087
0.432409375	6.429533004760742
0.432401604	6.4797279834747314
0.432416535	6.514293670654297
0.432378671	6.539749622344971
0.432394037	6.580017328262329
0.43238778	6.629247188568115
0.432367699	6.6797096729278564
0.43240099299999996	6.729375600814819
0.43238804200000003	6.77993631362915
0.43240850200000003	6.814255475997925
0.432369678	6.845303297042847
0.432393514	6.87921929359436
0.432396191	6.931752920150757
0.432375848	6.979586124420166
0.43238161	7.032581806182861
0.43236152899999997	7.080747127532959
0.432399072	7.112401247024536
0.43238033	7.147522449493408
0.43239657	7.196305513381958
0.432401954	7.251922369003296
0.4323865	7.296260833740234
0.43239482300000004	7.3456714153289795
0.432389468	7.396355152130127
0.432394183	7.4296348094940186
0.432360597	7.4792420864105225
0.432387111	7.529975652694702
0.432361645	7.579286336898804
0.432402594	7.6294965744018555
0.432370027	7.679134130477905
0.432408735	7.712942361831665
0.432386791	7.745739221572876
0.43239365900000004	7.796059608459473
0.43240326300000004	7.846282482147217
0.432395202	7.89601731300354
0.432402652	7.9459333419799805
0.432401052	7.99568510055542
0.432408444	8.029462099075317
0.43238778	8.079442262649536
0.432435801	8.129467010498047
0.43240038199999997	8.179179906845093
0.432445173	8.228977680206299
0.432426139	8.279322385787964
0.43244907299999996	8.312187433242798
0.43242849600000005	8.346173524856567
0.43244363	8.396091222763062
0.43244721	8.445985794067383
0.43244130199999997	8.495879650115967
0.432446075	8.546085119247437
0.43244686099999996	8.59603762626648
0.432455825	8.631328821182251
0.432452012	8.682019710540771
0.43246071399999997	8.731431007385254
0.432452332	8.77925443649292
0.432462635	8.834328174591064
0.432440371	8.879260540008545
0.432475936	8.912193536758423
0.432444882	8.947375535964966
0.432461035	8.996090650558472
0.432472909	9.050193786621094
0.432465895	9.095662832260132
0.432480738	9.14866304397583
0.432462984	9.195756912231445
0.432470784	9.229162454605103
0.43244907299999996	9.27904462814331
0.432473345	9.328566789627075
0.432442874	9.379487752914429
0.43247139500000004	9.429087400436401
0.43244363	9.47896122932434
0.432473578	9.512515306472778
0.43246249	9.54587697982788
0.432471687	9.595579147338867
0.43248198899999996	9.645747184753418
0.432470319	9.695374727249146
0.432486791	9.74548864364624
0.432481436	9.800106763839722
0.43249203	9.830501794815063
0.43247040600000003	9.879052877426147
0.43248137799999997	9.928765773773193
0.432450499	9.979029417037964
0.432476256	10.02878713607788
0.432451401	10.083913326263428
0.432479457	10.113651275634766
0.432447443	10.144994974136353
0.432473287	10.183257102966309
0.432469707	10.22877812385559
0.432426488	10.279129266738892
0.43246397400000003	10.333353281021118
0.432444882	10.378997087478638
0.432459114	10.412604093551636
0.432436937	10.445300340652466
0.432429399	10.496082067489624
0.432438828	10.545276641845703
0.43244168	10.595564365386963
0.432448462	10.65095829963684
0.43243845	10.695788621902466
0.43245399100000004	10.728827953338623
0.432434579	10.780612707138062
0.432442874	10.828614950180054
0.43242063799999997	10.878986835479736
0.432459405	10.929012298583984
0.43243486999999997	10.978413105010986
0.432455854	11.013961791992188
0.43243970099999995	11.045638799667358
0.4324326	11.095957040786743
0.43244721	11.146087169647217
0.432439818	11.195556879043579
0.43246292599999997	11.253037214279175
0.432435336	11.295480251312256
0.432458677	11.328963041305542
0.432432309	11.381051778793335
0.432458182	11.428914546966553
0.432426576	11.48148775100708
0.432446221	11.528809785842896
0.432438101	11.578626871109009
0.432456232	11.612197160720825
0.43244197100000004	11.645455360412598
0.432435569	11.698701858520508
0.432456814	11.745324611663818
0.432453322	11.799835920333862
0.432467059	11.845667600631714
0.432456203	11.895566701889038
0.432470697	11.931280136108398
0.432454253	11.97884464263916
0.432471017	12.028636455535889
0.432450353	12.079036474227905
0.432485307	12.13222074508667
0.43245227399999997	12.178475141525269
0.432464527	12.212269306182861
0.43245006199999997	12.2448570728302
0.432451023	12.295571327209473
0.432459667	12.345426559448242
0.43246976600000003	12.39517068862915
0.43248242600000003	12.445228099822998
0.43245143	12.495489358901978
0.432471687	12.528910160064697
0.432459405	12.578770399093628
0.43248335699999996	12.630934953689575
0.432451052	12.678875207901001
0.432497618	12.728876829147339
0.432461995	12.778582572937012
0.43248554	12.812513828277588
0.432468107	12.846729516983032
0.432471017	12.895002841949463
0.432489498	12.945231914520264
0.432471075	12.994989156723022
0.432466506	13.045383930206299
0.432435627	13.102678298950195
0.432460045	13.128492593765259
0.43241871800000004	13.182040929794312
0.432450732	13.22869324684143
0.43241749500000004	13.281974077224731
0.432447152	13.330215692520142
0.43241356599999997	13.378351926803589
0.432456523	13.411134481430054
0.432417379	13.444880723953247
0.432424975	13.49960446357727
0.43244104	13.544976949691772
0.432430388	13.599957942962646
0.43243976	13.645630121231079
0.432434259	13.699937582015991
Power (dBm)
26.359017994067543