Power (mW)	Time (sek)
0.55130705	0.1397097110748291
0.551319681	0.1397097110748291
0.551325793	0.1397097110748291
0.551324163	0.1397097110748291
0.551351288	0.1397097110748291
0.551338482	0.1397097110748291
0.551346166	0.1397097110748291
0.5513612999999999	0.1397097110748291
0.551356468	0.1397097110748291
0.55137428	0.1397097110748291
0.551359728	0.1397097110748291
0.551383826	0.1397097110748291
0.5513734069999999	0.1397097110748291
0.551372126	0.1397097110748291
0.5514067600000001	0.1397097110748291
0.551374804	0.1397097110748291
0.551401754	0.1397097110748291
0.551396282	0.1397097110748291
0.5514136860000001	0.1397097110748291
0.551413279	0.1397097110748291
0.55142591	0.1397097110748291
0.551419449	0.1397097110748291
0.5514122889999999	0.1397097110748291
0.5514472720000001	0.1397097110748291
0.551414269	0.1397097110748291
0.551430683	0.1397097110748291
0.551413279	0.1397097110748291
0.551424455	0.1397097110748291
0.551453966	0.1397097110748291
0.551432604	0.1397097110748291
0.551387493	0.1397097110748291
0.5513867360000001	0.1397097110748291
0.551371661	0.1397097110748291
0.551368052	0.1397097110748291
0.5513612410000001	0.1397097110748291
0.551435631	0.1397097110748291
0.551384466	0.1397097110748291
0.551253732	0.1397097110748291
0.55119337	0.1397097110748291
0.5511138010000001	0.1397097110748291
0.551015604	0.1397097110748291
0.550849712	0.1397097110748291
0.550681783	0.1397097110748291
0.5504421420000001	0.1397097110748291
0.550147088	0.1397097110748291
0.549907389	0.1397097110748291
0.549792254	0.1397097110748291
0.549696852	0.1397097110748291
0.5495852090000001	0.1397097110748291
0.549461576	0.1397097110748291
0.5493153	0.1397097110748291
0.54920488	0.1397097110748291
0.549082586	0.1397097110748291
0.5490267649999999	0.1397097110748291
0.548964541	0.1397097110748291
0.548908953	0.1397097110748291
0.548871816	0.1397097110748291
0.548814307	0.1397097110748291
0.548759475	0.1397097110748291
0.548718788	0.1397097110748291
0.548695272	0.1397097110748291
0.548690383	0.1397097110748291
0.54868171	0.1397097110748291
0.5486665180000001	0.1397097110748291
0.548631768	0.1397097110748291
0.5486423029999999	0.1397097110748291
0.548620708	0.1397097110748291
0.5486068550000001	0.1397097110748291
0.5486180310000001	0.1397097110748291
0.548594515	0.1397097110748291
0.548624608	0.1397097110748291
0.548620708	0.1397097110748291
0.548617507	0.1397097110748291
0.548609358	0.1397097110748291
0.548621698	0.1397097110748291
0.54863136	0.1397097110748291
0.548644632	0.1397097110748291
0.548660115	0.1397097110748291
0.548652024	0.1397097110748291
0.548670068	0.1397097110748291
0.548664306	0.1397097110748291
0.548677053	0.1397097110748291
0.548670767	0.1397097110748291
0.54868107	0.1397097110748291
0.548702083	0.1397097110748291
0.54873334	0.1397097110748291
0.548744691	0.1397097110748291
0.548748474	0.1397097110748291
0.548768265	0.1397097110748291
0.5487778689999999	0.1397097110748291
0.548782467	0.1397097110748291
0.548827054	0.1397097110748291
0.5488352620000001	0.1397097110748291
0.548871292	0.1397097110748291
0.548875832	0.1397097110748291
0.548890792	0.1397097110748291
0.54889638	0.1397097110748291
0.548897369	0.1397097110748291
0.5489234460000001	0.1397097110748291
0.548928627	0.1397097110748291
0.5489535400000001	0.1397097110748291
0.548952317	0.1397097110748291
0.5489768230000001	0.1397097110748291
0.548980199	0.1397097110748291
0.548977987	0.1397097110748291
0.548993587	0.1397097110748291
0.54899283	0.1397097110748291
0.549016229	0.1397097110748291
0.5490119219999999	0.1397097110748291
0.549037475	0.1397097110748291
0.5490166949999999	0.1397097110748291
0.549025543	0.1397097110748291
0.5490424810000001	0.1397097110748291
0.549036835	0.1397097110748291
0.549039803	0.1397097110748291
0.549046672	0.1397097110748291
0.5490457990000001	0.1397097110748291
0.549040793	0.1397097110748291
0.549049408	0.1397097110748291
0.549064483	0.1397097110748291
0.5490674520000001	0.1397097110748291
0.5490829349999999	0.1397097110748291
0.549073215	0.1397097110748291
0.549082353	0.1397097110748291
0.5490745530000001	0.1397097110748291
0.5490829349999999	0.1397097110748291
0.549092016	0.1397097110748291
0.5490898040000001	0.1397097110748291
0.549106509	0.1397097110748291
0.5491174520000001	0.1397097110748291
0.549120596	0.1397097110748291
0.5491093029999999	0.1397097110748291
0.549113262	0.1397097110748291
0.549134566	0.1397097110748291
0.549132936	0.1397097110748291
0.549142016	0.1397097110748291
0.54913637	0.1397097110748291
0.549157849	0.1397097110748291
0.5491435880000001	0.1397097110748291
0.549140736	0.1397097110748291
0.549170887	0.1397097110748291
0.549162389	0.1397097110748291
0.549164834	0.1397097110748291
0.549164077	0.1397097110748291
0.549174321	0.1397097110748291
0.5491694899999999	0.1397097110748291
0.549166929	0.1397097110748291
0.549173332	0.1397097110748291
0.549172692	0.1397097110748291
0.549178512	0.1397097110748291
0.549176184	0.1397097110748291
0.549188233	0.1397097110748291
0.5491742629999999	0.1397097110748291
0.549199176	0.1397097110748291
0.549209479	0.1397097110748291
0.549209828	0.1397097110748291
0.5492151249999999	0.1397097110748291
0.549213903	0.1397097110748291
0.549229386	0.1397097110748291
0.549225428	0.1397097110748291
0.549237884	0.1397097110748291
0.549222459	0.1397097110748291
0.549236254	0.1397097110748291
0.549263088	0.1397097110748291
0.549248885	0.1397097110748291
0.54926367	0.1397097110748291
0.549253717	0.1397097110748291
0.549268967	0.1397097110748291
0.549297198	0.1397097110748291
0.549302844	0.1397097110748291
0.549318502	0.1397097110748291
0.549312041	0.1397097110748291
0.549340853	0.1397097110748291
0.549332239	0.1397097110748291
0.549337885	0.1397097110748291
0.549355696	0.1397097110748291
0.549352902	0.1397097110748291
0.549370598	0.1397097110748291
0.549371878	0.1397097110748291
0.549375138	0.1397097110748291
0.549369317	0.1397097110748291
0.549390563	0.1397097110748291
0.549391843	0.1397097110748291
0.549402845	0.1397097110748291
0.549409888	0.1397097110748291
0.549405406	0.1397097110748291
0.549423508	0.1397097110748291
0.54942671	0.1397097110748291
0.549429271	0.1397097110748291
0.549454533	0.1397097110748291
0.5494509240000001	0.1397097110748291
0.5494732179999999	0.1397097110748291
0.549478689	0.1397097110748291
0.54947543	0.1397097110748291
0.5494857910000001	0.1397097110748291
0.5494917279999999	0.1397097110748291
0.549505174	0.1397097110748291
0.5495006330000001	0.1397097110748291
0.549528457	0.1397097110748291
0.549534161	0.1397097110748291
0.54954458	0.1397097110748291
0.549527991	0.1397097110748291
0.549532473	0.1397097110748291
0.549556571	0.1397097110748291
0.549551623	0.1397097110748291
0.5495538940000001	0.1397097110748291
0.549549703	0.1397097110748291
0.549565884	0.1397097110748291
0.549549412	0.1397097110748291
0.549564895	0.1397097110748291
0.5495703660000001	0.1397097110748291
0.549566525	0.1397097110748291
0.5495817749999999	0.1397097110748291
0.549590506	0.1397097110748291
0.5496200760000001	0.1397097110748291
0.549592311	0.1397097110748291
0.549605873	0.1397097110748291
0.549636199	0.1397097110748291
0.549642427	0.1397097110748291
0.5496604719999999	0.1397097110748291
0.549650867	0.1397097110748291
0.549675955	0.1397097110748291
0.54967124	0.1397097110748291
0.549678633	0.1397097110748291
0.5496988309999999	0.1397097110748291
0.5497022650000001	0.1397097110748291
0.5497150120000001	0.1397097110748291
0.549729157	0.1397097110748291
0.549737306	0.1397097110748291
0.549737248	0.1397097110748291
0.549741846	0.1397097110748291
0.549760472	0.1397097110748291
0.5497827660000001	0.1397097110748291
0.54979464	0.1397097110748291
0.549794408	0.1397097110748291
0.549806864	0.1397097110748291
0.549807504	0.1397097110748291
0.549818331	0.1397097110748291
0.5498492389999999	0.1397097110748291
0.549829798	0.1397097110748291
0.5498492970000001	0.1397097110748291
0.549853488	0.1397097110748291
0.549872406	0.1397097110748291
0.5498702520000001	0.1397097110748291
0.549879391	0.1397097110748291
0.5498908579999999	0.1397097110748291
0.549902499	0.1397097110748291
0.549916411	0.1397097110748291
0.549912569	0.1397097110748291
0.5499273539999999	0.1397097110748291
0.549925782	0.1397097110748291
0.549948367	0.1397097110748291
0.549957098	0.1397097110748291
0.54995867	0.1397097110748291
0.549975841	0.1397097110748291
0.549973221	0.1397097110748291
0.549997785	0.1397097110748291
0.5499871329999999	0.1397097110748291
0.549996155	0.1397097110748291
0.550030381	0.1397097110748291
0.550030963	0.1397097110748291
0.550059834	0.1397097110748291
0.5500437690000001	0.1397097110748291
0.5500701370000001	0.1397097110748291
0.550045224	0.1397097110748291
0.5500642	0.1397097110748291
0.5500901610000001	0.1397097110748291
0.5500920229999999	0.1397097110748291
0.550102734	0.1397097110748291
0.550105062	0.1397097110748291
0.550122291	0.1397097110748291
0.550115423	0.1397097110748291
0.5501250270000001	0.1397097110748291
0.550137949	0.1397097110748291
0.550144061	0.1397097110748291
0.550146855	0.1397097110748291
0.550145342	0.1397097110748291
0.550179568	0.1397097110748291
0.55017788	0.1397097110748291
0.5501842819999999	0.1397097110748291
0.550199824	0.1397097110748291
0.550187251	0.1397097110748291
0.5502240970000001	0.1397097110748291
0.550225377	0.1397097110748291
0.550231838	0.1397097110748291
0.5502324199999999	0.1397097110748291
0.55023859	0.1397097110748291
0.550265075	0.1397097110748291
0.550267985	0.1397097110748291
0.550275203	0.1397097110748291
0.5502692659999999	0.1397097110748291
0.550282246	0.1397097110748291
0.5502753770000001	0.1397097110748291
0.5502848069999999	0.1397097110748291
0.550301629	0.1397097110748291
0.550300581	0.1397097110748291
0.55030681	0.1397097110748291
0.550324155	0.1397097110748291
0.5503498830000001	0.1397097110748291
0.550329336	0.1397097110748291
Power (dBm)
27.401226579304513