Power (mW)	Time (sek)
0.550629687	0.1373615264892578
0.550639816	0.1373615264892578
0.5506298040000001	0.1373615264892578
0.550638768	0.1373615264892578
0.550649012	0.1373615264892578
0.5506435989999999	0.1373615264892578
0.550639874	0.1373615264892578
0.5506595479999999	0.1373615264892578
0.5506591989999999	0.1373615264892578
0.550661527	0.1373615264892578
0.5506572780000001	0.1373615264892578
0.550668687	0.1373615264892578
0.55066921	0.1373615264892578
0.5506650200000001	0.1373615264892578
0.550672412	0.1373615264892578
0.550672994	0.1373615264892578
0.550696277	0.1373615264892578
0.550711178	0.1373615264892578
0.55071176	0.1373615264892578
0.550703378	0.1373615264892578
0.550709257	0.1373615264892578
0.550708035	0.1373615264892578
0.55070821	0.1373615264892578
0.5507222380000001	0.1373615264892578
0.5506199669999999	0.1373615264892578
0.550623925	0.1373615264892578
0.550623867	0.1373615264892578
0.550649827	0.1373615264892578
0.550636498	0.1373615264892578
0.550659432	0.1373615264892578
0.550623925	0.1373615264892578
0.550592667	0.1373615264892578
0.5505767770000001	0.1373615264892578
0.550569384	0.1373615264892578
0.550560595	0.1373615264892578
0.550399069	0.1373615264892578
0.55029639	0.1373615264892578
0.55012363	0.1373615264892578
0.549950521	0.1373615264892578
0.549848308	0.1373615264892578
0.549700169	0.1373615264892578
0.549534569	0.1373615264892578
0.549322169	0.1373615264892578
0.549115939	0.1373615264892578
0.5489470790000001	0.1373615264892578
0.548817567	0.1373615264892578
0.548776006	0.1373615264892578
0.548713957	0.1373615264892578
0.548652257	0.1373615264892578
0.5486061560000001	0.1373615264892578
0.548569078	0.1373615264892578
0.548559008	0.1373615264892578
0.548539334	0.1373615264892578
0.548537064	0.1373615264892578
0.548524142	0.1373615264892578
0.548546144	0.1373615264892578
0.5485658179999999	0.1373615264892578
0.548555166	0.1373615264892578
0.548549579	0.1373615264892578
0.548564596	0.1373615264892578
0.5485706499999999	0.1373615264892578
0.54856611	0.1373615264892578
0.548574084	0.1373615264892578
0.548591022	0.1373615264892578
0.548615411	0.1373615264892578
0.5486461450000001	0.1373615264892578
0.548635493	0.1373615264892578
0.548651733	0.1373615264892578
0.548680779	0.1373615264892578
0.5486998120000001	0.1373615264892578
0.54873724	0.1373615264892578
0.5487437589999999	0.1373615264892578
0.548762211	0.1373615264892578
0.548785378	0.1373615264892578
0.548801385	0.1373615264892578
0.548800163	0.1373615264892578
0.548787648	0.1373615264892578
0.548802083	0.1373615264892578
0.5488124440000001	0.1373615264892578
0.5488260650000001	0.1373615264892578
0.548808894	0.1373615264892578
0.548809243	0.1373615264892578
0.548814482	0.1373615264892578
0.5488143649999999	0.1373615264892578
0.548842479	0.1373615264892578
0.548837066	0.1373615264892578
0.548841839	0.1373615264892578
0.54885773	0.1373615264892578
0.548877986	0.1373615264892578
0.5488580209999999	0.1373615264892578
0.548873446	0.1373615264892578
0.5488864259999999	0.1373615264892578
0.548902492	0.1373615264892578
0.548929966	0.1373615264892578
0.548946089	0.1373615264892578
0.548960292	0.1373615264892578
0.5489601749999999	0.1373615264892578
0.548964541	0.1373615264892578
0.548981305	0.1373615264892578
0.548999	0.1373615264892578
0.549023156	0.1373615264892578
0.5490375919999999	0.1373615264892578
0.549049175	0.1373615264892578
0.549064833	0.1373615264892578
0.549071585	0.1373615264892578
0.549099408	0.1373615264892578
0.5491221669999999	0.1373615264892578
0.549129734	0.1373615264892578
0.549129734	0.1373615264892578
0.549146265	0.1373615264892578
0.5491458579999999	0.1373615264892578
0.5491611660000001	0.1373615264892578
0.54920488	0.1373615264892578
0.549211982	0.1373615264892578
0.54922892	0.1373615264892578
0.549235323	0.1373615264892578
0.549255346	0.1373615264892578
0.549261458	0.1373615264892578
0.54926594	0.1373615264892578
0.549276883	0.1373615264892578
0.549281482	0.1373615264892578
0.549296266	0.1373615264892578
0.549301389	0.1373615264892578
0.549323682	0.1373615264892578
0.549314427	0.1373615264892578
0.549320073	0.1373615264892578
0.549362157	0.1373615264892578
0.5493511560000001	0.1373615264892578
0.549373857	0.1373615264892578
0.549379329	0.1373615264892578
0.549398712	0.1373615264892578
0.5493887	0.1373615264892578
0.5494047649999999	0.1373615264892578
0.549431832	0.1373615264892578
0.549445977	0.1373615264892578
0.549463206	0.1373615264892578
0.54943969	0.1373615264892578
0.549461925	0.1373615264892578
0.549467746	0.1373615264892578
0.54948061	0.1373615264892578
0.549475895	0.1373615264892578
0.549478398	0.1373615264892578
0.549499702	0.1373615264892578
0.54949522	0.1373615264892578
0.549503835	0.1373615264892578
0.549510354	0.1373615264892578
0.549525954	0.1373615264892578
0.549543649	0.1373615264892578
0.549534452	0.1373615264892578
0.549548131	0.1373615264892578
0.5495442309999999	0.1373615264892578
0.549569086	0.1373615264892578
0.5495718799999999	0.1373615264892578
0.549572113	0.1373615264892578
0.5495763029999999	0.1373615264892578
0.549578865	0.1373615264892578
0.549600692	0.1373615264892578
0.549599528	0.1373615264892578
0.549615012	0.1373615264892578
0.54960337	0.1373615264892578
0.549606222	0.1373615264892578
0.549619435	0.1373615264892578
0.5496091329999999	0.1373615264892578
0.549622579	0.1373615264892578
0.549618562	0.1373615264892578
0.549645571	0.1373615264892578
0.549631543	0.1373615264892578
0.5496436499999999	0.1373615264892578
0.549656281	0.1373615264892578
0.549651042	0.1373615264892578
0.549676653	0.1373615264892578
0.549669086	0.1373615264892578
0.549675664	0.1373615264892578
0.5496740339999999	0.1373615264892578
0.549680786	0.1373615264892578
0.549689517	0.1373615264892578
0.549693941	0.1373615264892578
0.5496953960000001	0.1373615264892578
0.549714081	0.1373615264892578
0.549715071	0.1373615264892578
0.549711462	0.1373615264892578
0.549725082	0.1373615264892578
0.549713965	0.1373615264892578
0.549751741	0.1373615264892578
0.549748598	0.1373615264892578
0.5497420789999999	0.1373615264892578
0.5497266540000001	0.1373615264892578
0.549724733	0.1373615264892578
0.5497607050000001	0.1373615264892578
0.549775665	0.1373615264892578
0.5497591340000001	0.1373615264892578
0.549785385	0.1373615264892578
0.5497972600000001	0.1373615264892578
0.549775083	0.1373615264892578
0.549795688	0.1373615264892578
0.54979499	0.1373615264892578
0.549809134	0.1373615264892578
0.549838063	0.1373615264892578
0.5498127429999999	0.1373615264892578
0.549822813	0.1373615264892578
0.549819553	0.1373615264892578
0.5498363749999999	0.1373615264892578
0.549856049	0.1373615264892578
0.549843768	0.1373615264892578
0.549843768	0.1373615264892578
0.54985343	0.1373615264892578
0.5498708919999999	0.1373615264892578
0.549869379	0.1373615264892578
0.549872289	0.1373615264892578
0.549880555	0.1373615264892578
0.549896038	0.1373615264892578
0.549910008	0.1373615264892578
0.549888646	0.1373615264892578
0.5498973770000001	0.1373615264892578
0.549892837	0.1373615264892578
0.549910299	0.1373615264892578
0.5499337569999999	0.1373615264892578
0.549931312	0.1373615264892578
0.549932593	0.1373615264892578
0.549936725	0.1373615264892578
0.549947668	0.1373615264892578
0.549935736	0.1373615264892578
0.549939927	0.1373615264892578
0.549948076	0.1373615264892578
0.549962569	0.1373615264892578
0.54997782	0.1373615264892578
0.549976074	0.1373615264892578
0.5499767720000001	0.1373615264892578
0.549974211	0.1373615264892578
0.5499900440000001	0.1373615264892578
0.550001685	0.1373615264892578
0.54998172	0.1373615264892578
0.5500032570000001	0.1373615264892578
0.550000404	0.1373615264892578
0.550014491	0.1373615264892578
0.550015888	0.1373615264892578
0.550009427	0.1373615264892578
0.549996737	0.1373615264892578
0.550003548	0.1373615264892578
0.5500267729999999	0.1373615264892578
0.549999124	0.1373615264892578
0.550016121	0.1373615264892578
0.5500092520000001	0.1373615264892578
0.550021708	0.1373615264892578
0.550026482	0.1373615264892578
0.550035504	0.1373615264892578
0.550022291	0.1373615264892578
0.55003562	0.1373615264892578
0.550051336	0.1373615264892578
0.5500368419999999	0.1373615264892578
0.550052966	0.1373615264892578
0.550050638	0.1373615264892578
0.550053839	0.1373615264892578
0.55007136	0.1373615264892578
0.550073339	0.1373615264892578
0.550084631	0.1373615264892578
0.55007491	0.1373615264892578
0.550087192	0.1373615264892578
0.550092314	0.1373615264892578
0.550093362	0.1373615264892578
0.550092373	0.1373615264892578
0.550099474	0.1373615264892578
0.550109544	0.1373615264892578
0.550093653	0.1373615264892578
0.550094701	0.1373615264892578
0.550098368	0.1373615264892578
0.550104014	0.1373615264892578
0.550106983	0.1373615264892578
0.5501052949999999	0.1373615264892578
0.550127472	0.1373615264892578
0.55012299	0.1373615264892578
0.550127763	0.1373615264892578
0.550120778	0.1373615264892578
0.550135912	0.1373615264892578
0.550149998	0.1373615264892578
0.550133409	0.1373615264892578
0.5501371340000001	0.1373615264892578
0.55012363	0.1373615264892578
0.550137833	0.1373615264892578
0.550137833	0.1373615264892578
0.550125318	0.1373615264892578
0.5501250270000001	0.1373615264892578
0.550138822	0.1373615264892578
0.550131721	0.1373615264892578
0.550132419	0.1373615264892578
0.550129451	0.1373615264892578
0.550137542	0.1373615264892578
0.550135272	0.1373615264892578
0.550145283	0.1373615264892578
0.550137192	0.1373615264892578
0.5501485429999999	0.1373615264892578
0.550142431	0.1373615264892578
0.5501546549999999	0.1373615264892578
0.550142373	0.1373615264892578
0.5501298	0.1373615264892578
0.550137833	0.1373615264892578
0.550143246	0.1373615264892578
0.5501630369999999	0.1373615264892578
0.550137833	0.1373615264892578
0.550154888	0.1373615264892578
Power (dBm)
27.401121641754344