Power (mW)	Time (sek)
0.315469195	0.08002829551696777
0.315450161	0.11367464065551758
0.31548595900000004	0.14879393577575684
0.315472076	0.17882347106933594
0.315438112	0.2141580581665039
0.315450714	0.26642584800720215
0.315506244	0.32264018058776855
0.315495621	0.37308549880981445
0.31533453100000003	0.41542863845825195
0.315226149	0.4466984272003174
0.315167679	0.5011560916900635
0.315091107	0.546133279800415
0.315135054	0.6007022857666016
0.315241603	0.6463005542755127
0.315293204	0.7019317150115967
0.315228273	0.7312629222869873
0.315161218	0.7631063461303711
0.315077254	0.7965543270111084
0.315025914	0.8465049266815186
0.315028912	0.8989410400390625
0.31504107800000003	0.956322431564331
0.315030105	0.9964723587036133
0.31502824300000004	1.0344533920288086
0.315031444	1.0631678104400635
0.315019774	1.096621036529541
0.314978766	1.1476168632507324
0.314887177	1.1964306831359863
0.31479646	1.2459385395050049
0.31474122099999996	1.296483039855957
0.314697041	1.33465576171875
0.314665696	1.3628759384155273
0.314626639	1.406099557876587
0.314585952	1.4464006423950195
0.314518868	1.4964540004730225
0.314464996	1.5517942905426025
0.314401899	1.5983355045318604
0.31431799299999996	1.629894733428955
0.314302539	1.663015604019165
0.314339035	1.6964046955108643
0.314459379	1.7561774253845215
0.31455306499999997	1.7962255477905273
0.31450617799999997	1.8541228771209717
0.31454209200000005	1.8961834907531738
0.314551697	1.9294793605804443
0.314350007	1.9651436805725098
0.313861965	1.9962217807769775
0.31457335000000003	2.046236276626587
0.31492876599999997	2.103309154510498
0.315011392	2.146209716796875
0.315120938	2.195953845977783
0.315236801	2.2296690940856934
0.31522577	2.2631704807281494
0.315262208	2.2961628437042236
0.31532938	2.35341215133667
0.315318728	2.396038770675659
0.315533747	2.4463613033294678
0.315620826	2.495929718017578
0.31554501	2.5297935009002686
0.315741607	2.562654972076416
0.315745827	2.595996379852295
0.315607846	2.6463308334350586
0.315899408	2.700798988342285
0.31595339499999997	2.7464473247528076
0.315602083	2.8042657375335693
0.315306796	2.8292272090911865
0.315159617	2.8630218505859375
0.315063051	2.8992271423339844
0.31505364999999996	2.9489288330078125
0.315349374	2.9992878437042236
0.31547949799999997	3.0478127002716064
0.315389421	3.098714590072632
0.315007463	3.131085157394409
0.314700621	3.1644792556762695
0.314579578	3.196042776107788
0.314947189	3.2463929653167725
0.314985664	3.303112268447876
0.31495330000000005	3.347661018371582
0.314805482	3.406186580657959
0.314697681	3.4292619228363037
0.314736099	3.4628989696502686
0.314768637	3.5061395168304443
0.314776349	3.5541229248046875
0.314818317	3.596282720565796
0.314832549	3.645669460296631
0.314801931	3.696385622024536
0.314824196	3.7325644493103027
0.314837147	3.7627363204956055
0.314805744	3.796370506286621
0.314768666	3.845653533935547
0.314702804	3.896345376968384
0.31467957900000004	3.9496161937713623
0.314617238	3.9958677291870117
0.314563687	4.029723167419434
0.31453726099999996	4.06234073638916
0.314535951	4.096365451812744
0.31454404199999997	4.146613359451294
0.31454404199999997	4.203418731689453
0.31457076	4.246203660964966
0.314590463	4.296319484710693
0.314559846	4.3296263217926025
0.31452789000000003	4.3660197257995605
0.314488425	4.395747661590576
0.314465578	4.453343629837036
0.314458768	4.4957969188690186
0.31449238300000004	4.546115398406982
0.314504578	4.595911026000977
0.31451555	4.629507303237915
0.314453297	4.663913011550903
0.314447767	4.699017763137817
0.314446574	4.747430324554443
0.314440695	4.7981603145599365
0.314462028	4.848046541213989
0.314434292	4.896821022033691
0.314473262	4.931428670883179
0.314445497	4.962388515472412
0.314445788	4.995740175247192
0.314463017	5.045887470245361
0.31446071800000003	5.095813751220703
0.314480072	5.153255939483643
0.31444008300000004	5.199968338012695
0.314450706	5.229266405105591
0.314434234	5.26271915435791
0.314433943	5.300755262374878
0.314437784	5.346124649047852
0.314453297	5.405272960662842
0.314458128	5.445846796035767
0.31440102600000003	5.4961020946502686
0.314430392	5.52882719039917
0.31443848300000005	5.562761068344116
0.314437493	5.596220016479492
0.314459117	5.653338193893433
0.31443298199999997	5.696010589599609
0.31446490899999996	5.7456841468811035
0.31443688200000003	5.795871019363403
0.314458797	5.834550619125366
0.31447590999999997	5.862287282943726
0.31451464700000004	5.895451784133911
0.31450076499999996	5.945409297943115
0.314453675	5.996078968048096
0.314492703	6.0506815910339355
0.314502075	6.104267597198486
0.31453845399999997	6.1292724609375
0.31450396599999997	6.162086486816406
0.314534031	6.196027994155884
0.314536272	6.246030569076538
0.314490055	6.295966863632202
0.31452145800000003	6.35335898399353
0.31452503800000003	6.3988165855407715
0.314528501	6.430495977401733
0.314502744	6.464465379714966
0.314517907	6.497821569442749
0.314515288	6.547252178192139
0.314493605	6.603320360183716
0.314498175	6.649225473403931
0.314455508	6.698491096496582
0.314466801	6.731217622756958
0.314426812	6.762118339538574
0.314438134	6.795314311981201
0.314440374	6.85335898399353
0.314417703	6.895567178726196
0.314444915	6.945983171463013
0.314448407	6.995544910430908
0.31446071800000003	7.029191493988037
0.314433215	7.0621819496154785
0.314453617	7.098222970962524
0.31445839	7.145931243896484
0.314410048	7.198598623275757
0.314435252	7.245843410491943
0.314408331	7.304251670837402
0.31441682899999995	7.328842639923096
0.314393605	7.362310886383057
0.314400299	7.405862331390381
0.31441546200000003	7.445462703704834
0.314401987	7.495882749557495
0.31442006	7.553136587142944
0.314375764	7.5958287715911865
0.314398319	7.633613109588623
0.31436258	7.662466526031494
0.31436843	7.69580864906311
0.31437995500000004	7.7551538944244385
0.31434992	7.795187950134277
0.314364181	7.850473165512085
0.31433289400000003	7.895798206329346
0.314356439	7.929049968719482
0.314349367	7.961960077285767
0.314368372	7.995684862136841
0.314368634	8.04572343826294
0.314340956	8.09550952911377
0.314386445	8.145715951919556
0.314349716	8.203736782073975
0.314371864	8.228952646255493
0.314351579	8.262370347976685
0.314379373	8.295111417770386
0.314395525	8.345835208892822
0.314354518	8.40519905090332
0.314371282	8.453170537948608
0.314337405	8.49535584449768
0.314357749	8.528922080993652
0.31432128200000004	8.562365293502808
0.314329984	8.601102352142334
0.314348377	8.645648002624512
0.31432323199999995	8.703299522399902
0.314350997	8.745278358459473
0.314302859	8.799378633499146
0.31434284799999995	8.828589677810669
0.31431254999999997	8.862346172332764
0.314337376	8.89571499824524
0.314348028	8.956200361251831
0.314315112	8.99562692642212
0.314366393	9.045255422592163
0.314343488	9.095390796661377
0.314345496	9.133712530136108
0.314320845	9.178040266036987
0.314324192	9.221969604492188
0.314344798	9.272133111953735
0.31432456999999997	9.322370529174805
0.314346515	9.371892929077148
0.314288016	9.41886568069458
0.31430315	9.447217226028442
0.314302219	9.495571851730347
0.31434604899999996	9.550720453262329
0.314299308	9.595557928085327
0.314326724	9.650933742523193
0.314281846	9.699568271636963
0.31427992499999996	9.731364727020264
0.31424273	9.764414548873901
0.314283476	9.804243564605713
0.314302539	9.853254795074463
0.314247067	9.896934032440186
0.314262783	9.952770948410034
0.314248318	10.004254579544067
0.314277655	10.0345139503479
0.314243749	10.064857482910156
0.314288307	10.103869915008545
0.314306497	10.155439853668213
0.314267032	10.20349907875061
0.31427413299999996	10.25438404083252
0.314247067	10.304803133010864
0.314262725	10.334230661392212
0.314207311	10.365461587905884
0.314231555	10.405465364456177
0.314225384	10.451601266860962
0.314191479	10.501418352127075
0.314204022	10.550988674163818
0.314225006	10.601068496704102
0.314250559	10.634744882583618
0.314186647	10.665461540222168
0.31419177	10.700750350952148
0.31422145500000004	10.748963356018066
0.314255682	10.801960468292236
0.314229575	10.851693868637085
0.314188888	10.901652336120605
0.314293895	10.934890270233154
0.314266072	10.965167760848999
0.314276374	11.00273847579956
0.314246019	11.053295612335205
0.314226083	11.103268384933472
0.314230216	11.152724266052246
0.314168923	11.201376914978027
0.31425053000000003	11.234208345413208
0.31423955800000003	11.264209985733032
0.314262812	11.304123640060425
0.314211473	11.351360321044922
0.31416755500000004	11.401495695114136
0.314220611	11.451387643814087
0.314180128	11.500956535339355
0.314188888	11.534056663513184
0.31415344	11.56426215171814
0.314187724	11.601507425308228
0.314183475	11.64850640296936
0.314161094	11.695241689682007
0.31416700200000003	11.754252672195435
0.314149802	11.80106520652771
0.31421182200000003	11.834087371826172
0.314178207	11.86512303352356
0.31420801000000004	11.903524160385132
0.314184435	11.951406002044678
0.314159784	12.003172397613525
0.31419124600000004	12.051585912704468
0.314177247	12.1013662815094
0.31421316099999996	12.134559154510498
0.314187258	12.166199922561646
0.314199628	12.201360702514648
0.314184057	12.253314733505249
0.31416563399999997	12.30134630203247
0.314214674	12.351425647735596
0.314194331	12.405192852020264
0.314217614	12.428256750106812
0.314167846	12.465233325958252
0.31419758999999997	12.504167318344116
0.314182835	12.554353952407837
0.314145611	12.594655513763428
0.314195029	12.645193576812744
0.314192439	12.69632863998413
0.314188888	12.728161096572876
0.314144971	12.761741876602173
0.314194971	12.794904947280884
0.31420958099999996	12.84519338607788
0.314186909	12.895260334014893
0.314227276	12.955130100250244
Power (dBm)
24.976904204550742