Power (mW)	Time (sek)
0.32424138	0.10641098022460938
0.324153894	0.12980079650878906
0.32413835300000005	0.18157196044921875
0.324134831	0.22937655448913574
0.324262684	0.2624473571777344
0.324280438	0.29833245277404785
0.324416993	0.33095383644104004
0.324381137	0.3836038112640381
0.32429531	0.43411946296691895
0.324343739	0.4814021587371826
0.324367546	0.5305173397064209
0.32438311599999997	0.5637855529785156
0.324290042	0.597975492477417
0.324220047	0.6478269100189209
0.32427426800000003	0.7001464366912842
0.324325665	0.7457790374755859
0.324296911	0.7963802814483643
0.324200664	0.8478856086730957
0.32418195	0.8835906982421875
0.324152847	0.9314594268798828
0.324189401	0.9831233024597168
0.324157503	1.0341954231262207
0.32412743899999996	1.081568717956543
0.32402150100000005	1.135451316833496
0.323991466	1.1621317863464355
0.324030552	1.1980044841766357
0.32412383	1.248126745223999
0.324111577	1.297816276550293
0.32412449899999995	1.347303867340088
0.324211345	1.3975744247436523
0.32428977999999997	1.455505609512329
0.324310735	1.4792506694793701
0.324278197	1.5297181606292725
0.32422912800000003	1.5854461193084717
0.32423585099999996	1.629451036453247
0.324327819	1.6794593334197998
0.324396766	1.7298271656036377
0.324397319	1.7621629238128662
0.32428619999999997	1.7957899570465088
0.324276218	1.8291263580322266
0.32431012400000003	1.8790900707244873
0.324383785	1.9295520782470703
0.324445427	1.9793481826782227
0.324280118	2.035573720932007
0.324011809	2.065592050552368
0.324030843	2.0957977771759033
0.32412708999999995	2.1461000442504883
0.324043474	2.1955251693725586
0.324197521	2.2562713623046875
0.32423873200000003	2.295870304107666
0.324334658	2.3461251258850098
0.32437854699999996	2.383591413497925
0.324376306	2.4294631481170654
0.32444600900000004	2.483760118484497
0.324433408	2.5288941860198975
0.324468594	2.579303503036499
0.32444793	2.6292262077331543
0.324541965	2.662907123565674
0.324530643	2.6986985206604004
0.324539375	2.7357707023620605
0.32450482799999997	2.779268741607666
0.32452226199999995	2.8289148807525635
0.324589346	2.878908395767212
0.324571243	2.9295272827148438
0.324618653	2.9623632431030273
0.32453308799999997	2.995877504348755
0.324592605	3.055567502975464
0.324435387	3.096086263656616
0.32442927499999996	3.1454415321350098
0.324421853	3.1955406665802
0.324331428	3.2487168312072754
0.324291759	3.2793941497802734
0.324246532	3.329301118850708
0.324387947	3.385607957839966
0.32441574100000004	3.429229974746704
0.324494787	3.478846549987793
0.324454479	3.5294787883758545
0.324496417	3.5657739639282227
0.324476685	3.59567928314209
0.324477063	3.632354497909546
0.32437118400000003	3.684708833694458
0.32429109	3.7291243076324463
0.324371475	3.7846217155456543
0.324274588	3.836968183517456
0.32433529899999997	3.862342119216919
0.324239722	3.898035764694214
0.324142602	3.9291276931762695
0.32397307200000003	3.979093551635742
0.324000226	4.028768301010132
0.32424464	4.0855958461761475
0.32429627	4.129167795181274
0.32444793	4.16251540184021
0.324388966	4.195941925048828
0.32426882500000004	4.255725622177124
0.324335007	4.295650005340576
0.32446160900000004	4.345587253570557
0.324528693	4.395957708358765
0.324505381	4.445585250854492
0.324418274	4.479121446609497
0.324380235	4.531691789627075
0.324559718	4.579077243804932
0.324597699	4.634387731552124
0.324644905	4.67904257774353
0.324696535	4.729111433029175
0.324669963	4.765937566757202
0.324652676	4.795752286911011
0.324635796	4.851287841796875
0.32475593599999997	4.895953416824341
0.324845634	4.945772886276245
0.32492892900000003	5.000895261764526
0.324895373	5.055858135223389
0.324842811	5.079075574874878
0.324789202	5.12902045249939
0.324795285	5.184530973434448
0.32493021	5.236032962799072
0.325001194	5.283803224563599
0.32500570500000003	5.328874111175537
0.32498416799999996	5.362436532974243
0.324920198	5.394960880279541
0.324978668	5.439119100570679
0.325068395	5.485082387924194
0.32511336	5.5287933349609375
0.325150439	5.579013109207153
0.32511039199999997	5.62872052192688
0.32513387899999996	5.662126541137695
0.32513064799999997	5.695972442626953
0.325179804	5.728894233703613
0.32521112	5.778949975967407
0.325217261	5.828749656677246
0.325223344	5.878737926483154
0.325185305	5.928493976593018
0.32523533400000004	5.962372303009033
0.32522791300000004	5.995511293411255
0.325271103	6.028517246246338
0.325299508	6.078769683837891
0.325278234	6.13600492477417
0.32530564900000003	6.178634881973267
0.325263682	6.233968734741211
0.325267582	6.262248516082764
0.325245259	6.295591831207275
0.32526755199999996	6.334596872329712
0.325295987	6.3856611251831055
0.32526304100000003	6.4284539222717285
0.32525009	6.479041337966919
0.325187488	6.529048919677734
0.325196859	6.561862468719482
0.32515786	6.5951926708221436
0.32520201099999996	6.628516435623169
0.325197558	6.6786017417907715
0.325144909	6.729109287261963
0.325146451	6.778594017028809
0.325106201	6.835607051849365
0.325140369	6.866333484649658
0.325129775	6.895539283752441
0.325158093	6.9287497997283936
0.325171102	6.978357315063477
0.325108791	7.028831243515015
0.32512910500000003	7.085512638092041
0.325130386	7.128735780715942
0.325168832	7.162166118621826
0.325140427	7.195140600204468
0.325153	7.228398561477661
0.32518137599999997	7.284744739532471
0.32515495	7.335653781890869
0.325197587	7.378717422485352
0.325191708	7.42877984046936
0.325217523	7.461764335632324
0.325179106	7.498607397079468
0.32521010100000003	7.5285139083862305
0.325226865	7.585416555404663
0.32524069	7.628151178359985
0.325290486	7.678711891174316
0.32523428699999996	7.7284181118011475
0.325258559	7.76226544380188
0.325246976	7.795124530792236
0.325296598	7.828223466873169
0.325317291	7.878036022186279
0.325316971	7.928147792816162
0.325337605	7.978992700576782
0.32528818699999995	8.030752897262573
0.325350527	8.061774730682373
0.325339555	8.09533977508545
0.325381494	8.145090341567993
0.325431552	8.195251703262329
0.32545189599999996	8.254465103149414
0.325492816	8.296882390975952
0.32544988799999996	8.34788465499878
0.325493165	8.380305528640747
0.32552159999999997	8.428665399551392
0.325576868	8.485490798950195
0.325542584	8.52996277809143
0.325551606	8.581504106521606
0.325527071	8.63046908378601
0.325578469	8.663499593734741
0.325574278	8.69664216041565
0.32559616399999997	8.72991418838501
0.325600995	8.778229713439941
0.325540313	8.836026191711426
0.325550267	8.886956930160522
0.325552275	8.929959058761597
0.325620087	8.964765310287476
0.325621018	8.997040271759033
0.325675268	9.03037714958191
0.325664529	9.080184936523438
0.325609115	9.128336668014526
0.32565978500000003	9.185599327087402
0.325676228	9.228178977966309
0.325731467	9.264845132827759
0.325710105	9.295252323150635
0.32573207899999995	9.32815933227539
0.325719186	9.378574848175049
0.325676141	9.437392473220825
0.32573207899999995	9.478654623031616
0.32574535000000004	9.52804183959961
0.325794099	9.561893701553345
0.325770816	9.597934484481812
0.32577663700000004	9.62818956375122
0.32578917999999996	9.684865713119507
0.325787289	9.728188514709473
0.325837405	9.778290033340454
0.325847388	9.837981224060059
0.32588577599999996	9.861911058425903
0.325855042	9.896689891815186
0.32585993199999996	9.930044412612915
0.325885427	9.978228330612183
0.32593164399999996	10.028135776519775
0.325930014	10.077893257141113
0.32590219099999995	10.128730058670044
0.32596351199999996	10.16096043586731
0.325954548	10.194908618927002
0.325953937	10.236642122268677
0.325959671	10.277984380722046
0.32594738900000003	10.333620309829712
0.32599002600000004	10.38564157485962
0.325925095	10.433803796768188
0.325987407	10.461917638778687
0.325965695	10.494882583618164
0.325971661	10.533707857131958
0.32596846	10.585625886917114
0.325935835	10.638552188873291
0.325970323	10.67788314819336
0.32594904799999996	10.7288236618042
0.32597134099999997	10.761345386505127
0.325962203	10.794752597808838
0.32594738900000003	10.854204893112183
0.325945206	10.905032634735107
0.325939007	10.950011491775513
0.32596834399999997	10.996447324752808
0.325928704	11.054770708084106
0.32595192900000003	11.080069065093994
0.325916684	11.130365133285522
0.325942616	11.18006682395935
0.325868023	11.230634212493896
0.32590155	11.279428482055664
0.32591118399999996	11.327837944030762
0.325940346	11.361670970916748
0.325916684	11.394413232803345
0.325920904	11.438373327255249
0.325930596	11.483346462249756
0.325905159	11.536370038986206
0.32593545599999996	11.585399150848389
0.325921195	11.628382682800293
0.32595513	11.661904335021973
0.325925153	11.696531057357788
0.32594188799999996	11.735499143600464
0.325957022	11.778211116790771
0.325937144	11.828201532363892
0.32593446699999995	11.878199338912964
0.325946399	11.932047605514526
0.32595125999999996	11.961041927337646
0.325919944	11.994409084320068
0.325914851	12.02784514427185
0.325932226	12.07787823677063
0.325920904	12.127433776855469
0.325924804	12.185609817504883
0.325900211	12.237762451171875
0.325917325	12.261701107025146
0.32591290100000003	12.297379732131958
0.325917092	12.33501648902893
0.32592250500000003	12.385284900665283
0.32589319699999997	12.435271263122559
0.325909583	12.485338926315308
0.325875066	12.527656316757202
0.325912551	12.56459903717041
0.325883506	12.59489917755127
0.32591290100000003	12.636793851852417
0.325910922	12.679483890533447
0.325892877	12.727966070175171
0.325922214	12.777911901473999
0.32589741699999997	12.828291654586792
0.32590841899999995	12.860955715179443
0.32589965800000004	12.894208908081055
0.325917994	12.935534715652466
0.32593673700000003	12.98639702796936
0.32593472900000003	13.034910917282104
0.326131703	13.079900979995728
0.326133042	13.130581617355347
0.326146168	13.166918992996216
0.326144625	13.194323062896729
0.326166832	13.232643604278564
Power (dBm)
25.120602965385906