Power (mW)	Time (sek)
0.439686	0.1079
0.439638	0.1390
0.439637	0.1809
0.439674	0.2116
0.439701	0.2419
0.439675	0.2811
0.439643	0.3314
0.439682	0.3811
0.439696	0.4318
0.439680	0.4810
0.439726	0.5117
0.439743	0.5422
0.439727	0.5809
0.439719	0.6333
0.439757	0.6808
0.439750	0.7334
0.439721	0.7808
0.439713	0.8116
0.439708	0.8426
0.439702	0.8813
0.439738	0.9310
0.439709	0.9808
0.439686	1.0335
0.439727	1.0808
0.439695	1.1112
0.439679	1.1417
0.439700	1.1809
0.439728	1.2329
0.439683	1.2807
0.439683	1.3319
0.439705	1.3807
0.439693	1.4118
0.439679	1.4422
0.439674	1.4810
0.439686	1.5310
0.439672	1.5811
0.439665	1.6318
0.439664	1.6809
0.439667	1.7118
0.439666	1.7425
0.439664	1.7809
0.439669	1.8327
0.439667	1.8807
0.439681	1.9316
0.439658	1.9810
0.439662	2.0118
0.439663	2.0424
0.439671	2.0809
0.439664	2.1310
0.439661	2.1808
0.439690	2.2344
0.439642	2.2814
0.439675	2.3122
0.439681	2.3437
0.439668	2.3812
0.439653	2.4314
0.439700	2.4811
0.439662	2.5316
0.439679	2.5809
0.439708	2.6125
0.439708	2.6435
0.439707	2.6808
0.439699	2.7326
0.439728	2.7807
0.439747	2.8316
0.439742	2.8806
0.439718	2.9103
0.439702	2.9403
0.439721	2.9807
0.439801	3.0333
0.439702	3.0808
0.439702	3.1314
0.439811	3.1807
0.439723	3.2115
0.439764	3.2822
0.439786	3.3310
0.439710	3.3806
0.439767	3.4336
0.439786	3.4809
0.439732	3.5115
0.439746	3.5414
0.439753	3.5815
0.439748	3.6318
0.439728	3.6818
0.439746	3.7337
0.439748	3.7810
0.439744	3.8118
0.439716	3.8421
0.439750	3.8811
0.439775	3.9313
0.439744	3.9811
0.439714	4.0316
0.439751	4.0807
0.439750	4.1117
0.439721	4.1417
0.439729	4.1809
0.439755	4.2348
0.439753	4.2811
0.439737	4.3321
0.439721	4.3810
0.439729	4.4120
0.439746	4.4421
0.439731	4.4812
0.439698	4.5311
0.439704	4.5809
0.439731	4.6345
0.439712	4.6810
0.439722	4.7121
0.439746	4.7426
0.439748	4.7814
0.439742	4.8312
0.439750	4.8809
0.439747	4.9317
0.439760	4.9807
0.439759	5.0121
0.439754	5.0433
0.439755	5.0811
0.439771	5.1312
0.439767	5.1812
0.439750	5.2321
0.439771	5.2812
0.439764	5.3117
0.439747	5.3427
0.439746	5.3813
0.439761	5.4340
0.439759	5.4814
0.439783	5.5323
0.439777	5.5812
0.439769	5.6119
0.439795	5.6425
0.439790	5.6814
0.439782	5.7333
0.439772	5.7811
0.439806	5.8342
0.439776	5.8813
0.439800	5.9117
0.439802	5.9421
0.439805	5.9812
0.439776	6.0318
0.439817	6.0814
0.439809	6.1317
0.439785	6.1814
0.439789	6.2116
0.439781	6.2419
0.439826	6.2811
0.439843	6.3316
0.439773	6.3811
0.439801	6.4319
0.439827	6.4813
0.439802	6.5120
0.439827	6.5431
0.439813	6.5816
0.439788	6.6330
0.439835	6.6811
0.439863	6.7336
0.439754	6.7809
0.439129	6.8112
0.438036	6.8412
0.436883	6.8812
0.437331	6.9312
0.440035	6.9812
0.424947	7.0344
0.431779	7.0812
0.436572	7.1115
0.440818	7.1413
0.440557	7.1836
0.436615	7.2314
0.441374	7.2813
0.443219	7.3315
0.436985	7.3808
0.437971	7.4116
0.438271	7.4419
0.442832	7.4808
0.441542	7.5308
0.439499	7.5807
0.439679	7.6319
0.439872	7.6812
0.441023	7.7117
0.440545	7.7431
0.438013	7.7810
0.439526	7.8349
0.440053	7.8809
0.438974	7.9324
0.439738	7.9811
0.440485	8.0117
0.440170	8.0429
0.438773	8.0814
0.439151	8.1317
0.440583	8.1814
0.439680	8.2339
0.439031	8.2812
0.440029	8.3117
0.439773	8.3430
0.440279	8.3810
0.439914	8.4319
0.439524	8.4812
0.439600	8.5314
0.440267	8.5810
0.439627	8.6121
0.439843	8.6422
0.439548	8.6808
0.439803	8.7329
0.439794	8.7806
0.439978	8.8317
0.439597	8.8812
0.439834	8.9117
0.439910	8.9422
0.439878	8.9811
0.439635	9.0333
0.439921	9.0809
0.439836	9.1322
0.439692	9.1811
0.439834	9.2117
0.439853	9.2416
0.439889	9.2811
0.439906	9.3311
0.439673	9.3811
0.439783	9.4345
0.440026	9.4811
0.439752	9.5120
0.439742	9.5428
0.439796	9.5810
0.439895	9.6316
0.439881	9.6813
0.439839	9.7340
0.439781	9.7808
0.439908	9.8113
0.439880	9.8411
0.439844	9.8812
0.439792	9.9311
0.439908	9.9811
0.439846	10.0322
0.439806	10.0813
0.439878	10.1117
0.439891	10.1430
0.439875	10.1835
0.439869	10.2341
0.439844	10.2813
0.439854	10.3322
0.439910	10.3815
0.439801	10.4121
0.439798	10.4425
0.439849	10.4816
0.439896	10.5311
0.439823	10.5811
0.439832	10.6343
0.439835	10.6818
0.439833	10.7127
0.439856	10.7433
0.439841	10.7815
0.439827	10.8319
0.439842	10.8809
0.439844	10.9319
0.439817	10.9812
0.439851	11.0119
0.439822	11.0433
0.439832	11.0809
0.439850	11.1310
0.439842	11.1807
0.439852	11.2316
0.439889	11.2807
0.439856	11.3111
0.439836	11.3410
0.439853	11.3808
0.439865	11.4326
0.439864	11.4807
0.439893	11.5315
0.439833	11.5810
0.439821	11.6113
0.439839	11.6410
0.439856	11.6809
0.439842	11.7327
0.439848	11.7810
0.439839	11.8344
0.439847	11.8814
0.439842	11.9121
0.439853	11.9424
0.439877	11.9809
0.439879	12.0310
0.439824	12.0806
0.439855	12.1316
0.439896	12.1807
0.439856	12.2113
0.439848	12.2414
0.439870	12.2809
0.439886	12.3314
0.439877	12.3811
0.439893	12.4320
0.439875	12.4811
0.439922	12.5123
0.439917	12.5430
0.439907	12.5811
0.439904	12.6337
0.439929	12.6811
0.439882	12.7339
0.439893	12.7808
0.439910	12.8116
0.439896	12.8424
0.439878	12.8810
0.439885	12.9309

Mean Power (dBm):	-3.5687
Mean Power (mW):	0.439671
