Power (mW)	Time (sek)
1.190154	0.0803
1.190200	0.1129
1.190064	0.1408
1.190113	0.1702
1.190116	0.2171
1.190167	0.2683
1.190157	0.3191
1.190132	0.3650
1.190135	0.4178
1.190126	0.4485
1.190276	0.5022
1.190254	0.5459
1.190244	0.5990
1.190222	0.6499
1.190135	0.6993
1.190174	0.7319
1.190065	0.7627
1.190228	0.8185
1.190296	0.8657
1.190142	0.9150
1.190113	0.9672
1.190145	1.0186
1.190142	1.0480
1.190173	1.1004
1.190209	1.1499
1.190106	1.1993
1.190110	1.2489
1.190379	1.3023
1.190145	1.3328
1.190129	1.3634
1.190218	1.4127
1.190132	1.4677
1.190183	1.5187
1.190103	1.5678
1.190138	1.6182
1.190289	1.6482
1.190190	1.7023
1.190232	1.7486
1.190103	1.7992
1.190103	1.8477
1.190158	1.9016
1.190277	1.9331
1.190196	1.9637
1.190196	2.0030
1.190135	2.0497
1.190245	2.0987
1.190164	2.1483
1.190132	2.1990
1.190045	2.2287
1.190071	2.2592
1.189991	2.3021
1.190074	2.3494
1.190045	2.3997
1.190081	2.4489
1.190106	2.5017
1.190135	2.5305
1.190100	2.5615
1.190132	2.5938
1.190148	2.6486
1.190142	2.7018
1.190151	2.7495
1.190154	2.7906
1.190052	2.8296
1.190026	2.8595
1.190048	2.9013
1.190116	2.9426
1.189875	3.0001
1.185626	3.0491
1.179710	3.0985
1.177938	3.1317
1.182585	3.1622
1.188767	3.2002
1.209729	3.2483
1.182286	3.2975
1.185038	3.3500
1.190822	3.3968
1.191028	3.4295
1.191121	3.4581
1.191320	3.4984
1.190042	3.5454
1.189634	3.5957
1.190023	3.6458
1.191092	3.7012
1.191429	3.7311
1.191278	3.7517
1.190739	3.7975
1.189988	3.8484
1.189711	3.9005
1.190049	3.9481
1.190900	3.9991
1.191195	4.0275
1.191108	4.0581
1.190803	4.1004
1.190257	4.1457
1.190203	4.1974
1.190501	4.2437
1.190764	4.2982
1.190562	4.3270
1.190357	4.3546
1.190183	4.3958
1.190209	4.4477
1.190562	4.4952
1.190800	4.5446
1.190684	4.5981
1.190351	4.6285
1.190260	4.6561
1.190180	4.6983
1.190286	4.7481
1.190392	4.7984
1.190527	4.8465
1.190527	4.9006
1.190363	4.9312
1.190392	4.9611
1.190440	4.9973
1.190456	5.0486
1.190472	5.1001
1.190415	5.1483
1.190437	5.1987
1.190553	5.2296
1.190620	5.2587
1.190630	5.3002
1.190485	5.3480
1.190514	5.3950
1.190338	5.4466
1.190334	5.5008
1.190360	5.5312
1.190376	5.5617
1.190460	5.5941
1.190453	5.6492
1.190440	5.7015
1.190437	5.7460
1.190431	5.7954
1.190514	5.8298
1.190508	5.8596
1.190492	5.9012
1.190527	5.9480
1.190466	5.9974
1.190521	6.0465
1.190405	6.1001
1.190473	6.1312
1.190543	6.1595
1.190440	6.1983
1.190514	6.2484
1.190347	6.3014
1.190427	6.3451
1.190771	6.3997
1.190803	6.4291
1.190826	6.4599
1.190829	6.4966
1.190488	6.5449
1.190460	6.5911
1.190424	6.6493
1.190633	6.6943
1.190614	6.7273
1.190659	6.7577
1.190672	6.7966
1.190569	6.8471
1.190633	6.8984
1.190440	6.9470
1.190495	6.9987
1.190556	7.0286
1.190408	7.0588
1.190376	7.0974
1.190334	7.1442
1.190434	7.1982
1.190437	7.2484
1.190639	7.3005
1.190472	7.3309
1.190518	7.3593
1.190466	7.4002
1.190521	7.4485
1.190498	7.4940
1.190540	7.5465
1.190441	7.5969
1.190415	7.6273
1.190566	7.6564
1.190559	7.6955
1.190537	7.7472
1.190562	7.7943
1.190444	7.8455
1.190530	7.8998
1.190440	7.9306
1.190479	7.9603
1.190508	7.9962
1.190453	8.0485
1.190498	8.0981
1.190520	8.1424
1.190520	8.1984
1.190585	8.2240
1.190566	8.2589
1.190521	8.3022
1.190585	8.3404
1.190466	8.3976
1.190418	8.4457
1.190473	8.4967
1.190495	8.5285
1.190492	8.5601
1.190488	8.5967
1.190392	8.6479
1.190350	8.7002
1.190396	8.7435
1.190511	8.7961
1.190472	8.8259
1.190405	8.8575
1.190334	8.9014
1.190386	8.9456
1.190459	8.9955
1.190498	9.0430
1.190367	9.1011
1.190325	9.1322
1.190383	9.1590
1.190421	9.1956
1.190469	9.2495
1.190553	9.3015
1.190418	9.3497
1.190367	9.3981
1.190405	9.4298
1.190415	9.4583
1.190566	9.5013
1.190566	9.5458
1.190534	9.5985
1.190370	9.6467
1.190370	9.6974
1.190408	9.7275
1.190444	9.7622
1.190537	9.8008
1.190469	9.8412
1.190412	9.8975
1.190354	9.9451
1.190369	9.9954
1.190524	10.0301
1.190392	10.0617
1.190434	10.0990
1.190440	10.1483
1.190341	10.1937
1.190444	10.2466
1.190354	10.2994
1.190373	10.3296
1.190235	10.3632
1.190360	10.4024
1.190373	10.4494
1.190357	10.5012
1.190456	10.5488
1.190286	10.5989
1.190244	10.6305
1.190261	10.6567
1.190334	10.7022
1.190312	10.7432
1.190357	10.8001
1.190408	10.8490
1.190222	10.9016
1.190305	10.9316
1.190444	10.9615
1.190312	11.0015
1.190347	11.0498
1.190299	11.1005
1.190360	11.1500
1.190341	11.2000
1.190386	11.2444
1.190405	11.3033
1.190463	11.3510
1.190366	11.3981
1.190398	11.4496
1.190389	11.4949
1.190431	11.5324
1.190411	11.5627
1.190273	11.6022
1.190289	11.6489
1.190289	11.6968
1.190360	11.7498
1.190337	11.7987
1.190331	11.8294
1.190290	11.8614
1.190440	11.9001
1.190309	11.9487
1.190251	11.9980
1.190334	12.0475
1.190334	12.1021
1.190398	12.1309
1.190344	12.1620
1.190328	12.2017
1.190312	12.2486
1.190350	12.3018
1.190312	12.3477
1.190228	12.3953
1.190190	12.4310
1.190170	12.4606
1.190360	12.5022
1.190318	12.5475
1.190264	12.5995
1.190257	12.6474
1.190373	12.7011
1.190261	12.7317
1.190193	12.7626
1.190241	12.7998
1.190228	12.8507
1.190299	12.8983
1.190209	12.9447
1.190245	12.9995
1.190331	13.0309

Mean Power (dBm):	0.7565
Mean Power (mW):	1.190273
