Power (mW)	Time (sek)
1.207378	0.0909
1.207860	0.1099
1.207539	0.1209
1.207057	0.1376
1.207217	0.1505
1.206896	0.1619
1.207539	0.1754
1.207057	0.1911
1.207539	0.2303
1.207539	0.2440
1.207057	0.2796
1.206736	0.2946
1.207057	0.3326
1.207378	0.3438
1.207539	0.3813
1.207378	0.3918
1.207217	0.4310
1.207699	0.4441
1.207057	0.4586
1.206575	0.4711
1.206896	0.4843
1.207539	0.5009
1.207057	0.5255
1.207057	0.5460
1.207057	0.5770
1.207217	0.5952
1.207217	0.6226
1.207217	0.6428
1.207699	0.6804
1.207057	0.6921
1.207217	0.7324
1.207539	0.7452
1.207057	0.7573
1.207539	0.7737
1.207539	0.7863
1.207378	0.8007
1.207057	0.8296
1.207539	0.8438
1.207539	0.8812
1.206736	0.8941
1.206896	0.9323
1.207057	0.9448
1.208020	0.9764
1.207217	0.9924
1.207539	1.0291
1.207539	1.0421
1.208020	1.0558
1.207539	1.0704
1.207378	1.0831
1.207539	1.0952
1.207539	1.1333
1.207217	1.1439
1.207699	1.1796
1.207217	1.1918
1.207378	1.2290
1.207378	1.2417
1.207217	1.2800
1.207378	1.2910
1.206896	1.3332
1.207217	1.3463
1.207057	1.3580
1.207057	1.3735
1.206896	1.3867
1.207378	1.4009
1.207539	1.4254
1.207539	1.4417
1.207539	1.4754
1.207217	1.4959
1.207057	1.5331
1.207539	1.5476
1.207539	1.5762
1.207057	1.5937
1.206575	1.6302
1.207378	1.6429
1.206896	1.6566
1.207539	1.6710
1.207699	1.6846
1.206575	1.6984
1.207217	1.7331
1.207539	1.7457
1.207217	1.7814
1.208020	1.7952
1.223275	1.8274
1.221830	1.8414
1.224881	1.8755
1.225202	1.8940
1.222312	1.9327
1.222793	1.9435
1.222793	1.9593
1.222793	1.9703
1.222954	1.9869
1.223275	1.9994
1.223436	2.0300
1.223757	2.0413
1.223917	2.0792
1.223596	2.0936
1.223115	2.1318
1.221830	2.1430
1.219903	2.1808
1.213640	2.1917
1.206896	2.2327
1.206415	2.2465
1.206254	2.2618
1.205772	2.2756
1.205933	2.2910
1.206254	2.3355
1.205451	2.3513
1.205451	2.3749
1.205772	2.3952
1.205451	2.4313
1.205130	2.4437
1.204809	2.4811
1.205451	2.4927
1.204809	2.5322
1.204969	2.5859
1.204488	2.6469
1.204809	2.6823
1.204969	2.6956
1.204648	2.7335
1.204648	2.7487
1.204809	2.7823
1.204809	2.7952
1.204006	2.8309
1.204809	2.8469
1.204488	2.8600
1.204166	2.8761
1.204327	2.8872
1.204969	2.9320
1.204648	2.9434
1.204648	2.9817
1.204488	2.9975
1.204166	3.0322
1.204327	3.0459
1.204648	3.0807
1.203845	3.0961
1.204166	3.1329
1.204648	3.1482
1.204327	3.1628
1.204488	3.1765
1.204006	3.1916
1.204648	3.2282
1.204969	3.2463
1.205130	3.2822
1.204488	3.2955
1.204488	3.3343
1.204648	3.3478
1.204327	3.3813
1.204166	3.3939
1.204648	3.4298
1.204327	3.4451
1.204488	3.4609
1.204488	3.4766
1.204488	3.4913
1.204006	3.5315
1.204488	3.5463
1.204327	3.5817
1.204809	3.5982
1.204327	3.6304
1.204488	3.6464
1.204006	3.6804
1.204166	3.6947
1.204327	3.7330
1.204166	3.7483
1.204166	3.7618
1.204327	3.7760
1.204488	3.7907
1.204166	3.8298
1.204166	3.8410
1.205130	3.8810
1.204166	3.8943
1.203845	3.9326
1.204327	3.9467
1.204166	3.9802
1.204327	3.9954
1.204809	4.0315
1.203845	4.0422
1.204327	4.0609
1.204166	4.0724
1.204488	4.0895
1.204006	4.1034
1.204166	4.1324
1.204488	4.1478
1.204006	4.1807
1.204006	4.1946
1.204488	4.2317
1.204809	4.2461
1.204006	4.2806
1.204648	4.2959
1.204166	4.3319
1.204166	4.3483
1.204006	4.3601
1.204006	4.3765
1.203845	4.3874
1.204488	4.4013
1.204006	4.4306
1.204488	4.4417
1.204488	4.4802
1.204488	4.4935
1.203845	4.5309
1.204327	4.5466
1.204006	4.5811
1.204166	4.5921
1.204006	4.6301
1.203524	4.6425
1.204006	4.6614
1.204006	4.6772
1.204006	4.6910
1.204166	4.7315
1.204488	4.7488
1.204809	4.7819
1.204488	4.7998
1.204006	4.8312
1.204648	4.8460
1.204327	4.8721
1.203845	4.8944
1.204006	4.9328
1.204327	4.9473
1.204327	4.9603
1.204166	4.9757
1.204488	4.9912
1.204488	5.0298
1.204648	5.0408
1.204327	5.0797
1.204166	5.0960
1.204006	5.1296
1.204327	5.1478
1.204327	5.1806
1.203685	5.2003
1.203845	5.2319
1.204006	5.2428
1.204327	5.2613
1.204166	5.2751
1.203845	5.2898
1.204166	5.3022
1.204166	5.3336
1.204166	5.3449
1.203845	5.3816
1.204006	5.3972
1.203685	5.4303
1.203364	5.4420
1.204488	5.4785
1.204488	5.4917
1.204006	5.5331
1.204327	5.5477
1.204488	5.5610
1.203685	5.5763
1.203845	5.5892
1.204166	5.6017
1.203042	5.6309
1.204006	5.6423
1.204166	5.6812
1.204166	5.6947
1.203364	5.7318
1.203845	5.7478
1.204006	5.7803
1.203364	5.7919
1.204006	5.8304
1.203845	5.8450
1.203845	5.8604
1.204166	5.8762
1.204327	5.8897
1.204648	5.9012
1.204488	5.9330
1.204327	5.9447
1.204006	5.9715
1.204166	5.9966
1.204166	6.0310
1.204327	6.0479
1.203845	6.0807
1.203685	6.0922
1.204488	6.1277
1.204006	6.1459
1.203845	6.1601
1.203685	6.1770
1.204006	6.1886
1.204006	6.2304
1.204327	6.2452
1.204006	6.2766
1.204166	6.2971
1.204327	6.3307
1.204648	6.3463
1.204006	6.3804
1.204006	6.3924
1.203685	6.4302
1.204809	6.4422
1.203845	6.4573
1.204166	6.4717
1.204006	6.4892
1.204166	6.5009
1.204006	6.5302
1.204327	6.5470
1.204006	6.5801
1.203524	6.5925
1.204006	6.6302
1.204488	6.6460
1.204327	6.6778
1.203685	6.6942
1.204166	6.7263
1.204006	6.7460
1.204166	6.7602

Mean Power (dBm):	0.8143
Mean Power (mW):	1.206236
