Power (mW)	Time (sek)
1.196780	0.0916
1.196298	0.1024
1.196619	0.1178
1.195977	0.1319
1.196619	0.1429
1.196619	0.1724
1.196459	0.1889
1.197101	0.2010
1.196459	0.2192
1.196940	0.2327
1.196780	0.2448
1.196298	0.2724
1.196619	0.2873
1.196619	0.3225
1.196298	0.3402
1.196298	0.3767
1.196780	0.3902
1.196780	0.4271
1.195977	0.4401
1.196459	0.4773
1.196459	0.4879
1.196619	0.5057
1.196459	0.5203
1.196459	0.5309
1.196619	0.5479
1.196459	0.5774
1.196619	0.5882
1.196780	0.6254
1.196619	0.6420
1.196619	0.6772
1.196780	0.6881
1.196298	0.7250
1.196780	0.7397
1.196459	0.7759
1.196780	0.7879
1.196940	0.8068
1.196780	0.8201
1.196780	0.8354
1.196619	0.8494
1.196619	0.8732
1.196298	0.8898
1.197262	0.9280
1.197422	0.9390
1.196940	0.9768
1.196940	0.9905
1.196780	1.0292
1.196298	1.0433
1.196619	1.0765
1.196298	1.0881
1.196619	1.1060
1.196459	1.1202
1.196298	1.1340
1.196940	1.1487
1.196940	1.1760
1.196780	1.1878
1.196459	1.2292
1.196298	1.2431
1.196619	1.2757
1.196298	1.2890
1.197101	1.3250
1.196940	1.3416
1.196619	1.3722
1.196298	1.3909
1.196619	1.4024
1.196780	1.4197
1.196940	1.4356
1.196298	1.4492
1.196780	1.4712
1.196619	1.4923
1.195977	1.5276
1.196459	1.5418
1.196780	1.5768
1.196940	1.5901
1.197422	1.6293
1.196619	1.6451
1.196459	1.6759
1.196780	1.6917
1.197101	1.7065
1.196298	1.7176
1.196780	1.7331
1.196780	1.7729
1.196780	1.7856
1.196780	1.8281
1.196619	1.8419
1.196298	1.8769
1.196780	1.8879
1.196138	1.9263
1.196780	1.9389
1.196298	1.9743
1.196780	1.9890
1.196619	2.0048
1.196619	2.0198
1.196619	2.0345
1.196780	2.0495
1.196459	2.0775
1.196780	2.0887
1.196619	2.1271
1.195816	2.1381
1.197101	2.1688
1.197262	2.1894
1.196619	2.2278
1.196619	2.2403
1.196780	2.2767
1.196459	2.2906
1.196619	2.3023
1.196298	2.3194
1.196298	2.3339
1.197262	2.3476
1.196780	2.3684
1.196459	2.3909
1.196940	2.4288
1.197101	2.4431
1.196940	2.4762
1.196619	2.4877
1.196619	2.5261
1.196298	2.5412
1.196619	2.5774
1.195977	2.5883
1.196619	2.6059
1.196619	2.6168
1.198386	2.6307
1.207217	2.6474
1.208984	2.6764
1.208502	2.6903
1.209465	2.7216
1.210268	2.7409
1.209144	2.7693
1.208984	2.7927
1.208984	2.8300
1.209144	2.8439
1.209144	2.8791
1.209626	2.8939
1.209465	2.9073
1.209305	2.9224
1.209626	2.9358
1.209465	2.9750
1.209947	2.9888
1.210590	3.0299
1.211553	3.0453
1.201758	3.0783
1.199991	3.0925
1.200152	3.1279
1.200473	3.1420
1.199510	3.1786
1.199991	3.1909
1.200313	3.2052
1.199831	3.2231
1.199670	3.2372
1.199189	3.2727
1.199189	3.2915
1.199670	3.3285
1.199189	3.3435
1.198867	3.3791
1.198867	3.3929
1.198867	3.4223
1.199189	3.4431
1.199028	3.4784
1.199189	3.4897
1.198546	3.5037
1.199028	3.5204
1.199028	3.5354
1.198867	3.5483
1.198386	3.5772
1.198065	3.5955
1.199189	3.6299
1.199028	3.6460
1.198707	3.6771
1.198225	3.6927
1.198546	3.7238
1.198546	3.7420
1.197904	3.7779
1.198065	3.7938
1.198386	3.8107
1.197904	3.8244
1.198546	3.8384
1.198065	3.8678
1.198065	3.8904
1.197904	3.9191
1.198546	3.9397
1.198225	3.9787
1.198546	3.9932
1.198065	4.0288
1.198386	4.0452
1.198225	4.0743
1.197743	4.0915
1.198546	4.1036
1.198386	4.1174
1.197904	4.1312
1.198065	4.1484
1.198065	4.1788
1.198225	4.1919
1.198386	4.2264
1.198386	4.2452
1.197904	4.2786
1.197904	4.2920
1.197743	4.3285
1.198225	4.3415
1.198225	4.3686
1.198386	4.3892
1.197422	4.4031
1.198225	4.4180
1.198065	4.4299
1.198386	4.4460
1.198225	4.4778
1.198065	4.4913
1.198225	4.5225
1.198707	4.5406
1.198386	4.5731
1.198707	4.5911
1.197904	4.6299
1.198225	4.6439
1.197583	4.6775
1.197904	4.6892
1.198546	4.7045
1.198225	4.7193
1.198225	4.7328
1.198065	4.7455
1.197583	4.7789
1.197583	4.7895
1.197583	4.8305
1.197422	4.8452
1.197904	4.8695
1.197422	4.8894
1.198065	4.9293
1.197101	4.9729
1.197904	4.9924
1.197904	5.0046
1.197422	5.0171
1.197583	5.0334
1.197904	5.0450
1.197262	5.0780
1.197262	5.0914
1.198386	5.1214
1.198546	5.1419
1.198065	5.1779
1.197583	5.1890
1.197583	5.2275
1.198065	5.2442
1.197583	5.2754
1.197904	5.2892
1.197904	5.3027
1.197422	5.3163
1.197422	5.3315
1.197262	5.3452
1.197422	5.3783
1.197422	5.3892
1.197422	5.4289
1.197262	5.4427
1.197422	5.4723
1.197743	5.4914
1.197422	5.5225
1.197262	5.5390
1.196780	5.5782
1.197101	5.5895
1.197904	5.6030
1.197743	5.6162
1.197743	5.6299
1.197583	5.6471
1.198065	5.6790
1.197743	5.6917
1.197422	5.7278
1.197743	5.7389
1.197904	5.7771
1.197583	5.7907
1.197743	5.8302
1.197262	5.8443
1.197743	5.8778
1.197583	5.8906
1.197422	5.9070
1.197422	5.9216
1.197743	5.9358
1.197583	5.9508
1.197422	5.9778
1.197583	5.9920
1.197904	6.0293
1.197422	6.0438
1.197743	6.0777
1.197743	6.0919
1.197422	6.1275
1.197583	6.1429
1.197743	6.1790
1.197743	6.1917
1.197422	6.2049
1.197743	6.2211
1.197583	6.2348
1.197101	6.2496
1.197743	6.2778
1.197743	6.2895
1.197583	6.3277
1.196940	6.3396
1.197583	6.3770
1.197262	6.3910
1.197743	6.4305
1.197262	6.4441
1.197422	6.4776
1.197583	6.4893
1.197422	6.5054
1.197262	6.5190
1.197262	6.5308
1.197583	6.5464

Mean Power (dBm):	0.7852
Mean Power (mW):	1.198180
