Power (mW)	Time (sek)
1.190036	0.0739
1.189715	0.0860
1.189233	0.1030
1.189072	0.1176
1.190036	0.1280
1.190036	0.1440
1.189072	0.1564
1.190036	0.1739
1.190357	0.2111
1.189393	0.2238
1.189393	0.2501
1.189715	0.2739
1.189875	0.3084
1.190036	0.3221
1.189554	0.3587
1.189072	0.3739
1.189554	0.4087
1.189393	0.4262
1.190036	0.4400
1.189072	0.4540
1.189554	0.4694
1.189715	0.5081
1.189554	0.5215
1.189393	0.5574
1.189393	0.5702
1.189393	0.6108
1.189715	0.6221
1.189233	0.6570
1.189715	0.6724
1.189875	0.7075
1.189554	0.7194
1.189233	0.7362
1.189715	0.7483
1.189393	0.7658
1.189554	0.7788
1.190196	0.8103
1.189715	0.8254
1.189233	0.8562
1.189233	0.8737
1.190357	0.9080
1.190036	0.9207
1.189554	0.9585
1.189554	0.9736
1.190036	1.0106
1.189393	1.0224
1.189875	1.0404
1.189715	1.0562
1.189715	1.0696
1.189715	1.1092
1.189554	1.1239
1.189393	1.1583
1.189233	1.1700
1.190036	1.2106
1.189715	1.2250
1.189233	1.2563
1.190357	1.2700
1.190036	1.3084
1.189233	1.3238
1.189554	1.3356
1.189554	1.3531
1.189715	1.3675
1.189715	1.3807
1.189715	1.4103
1.189875	1.4258
1.189393	1.4582
1.190036	1.4701
1.189554	1.5068
1.189875	1.5196
1.190196	1.5587
1.189554	1.5700
1.189393	1.6088
1.189554	1.6223
1.189393	1.6391
1.189393	1.6556
1.190036	1.6705
1.189554	1.7042
1.189715	1.7243
1.189554	1.7584
1.189554	1.7720
1.190036	1.8087
1.189715	1.8252
1.189715	1.8578
1.190036	1.8698
1.190036	1.9093
1.189554	1.9228
1.189554	1.9369
1.189715	1.9528
1.189875	1.9674
1.190357	2.0024
1.190036	2.0200
1.188912	2.0582
1.189233	2.0721
1.190036	2.1081
1.189715	2.1232
1.193890	2.1577
1.191160	2.1724
1.196619	2.2096
1.196780	2.2256
1.196298	2.2401
1.196619	2.2555
1.196138	2.2696
1.196780	2.3026
1.196459	2.3227
1.196298	2.3582
1.196619	2.3723
1.196780	2.4091
1.195174	2.4229
1.191160	2.4584
1.195174	2.4700
1.191802	2.5083
1.192284	2.5240
1.190839	2.5397
1.191481	2.5539
1.192444	2.5677
1.191963	2.6096
1.191802	2.6209
1.191802	2.6582
1.191641	2.6704
1.191481	2.7086
1.191641	2.7229
1.191320	2.7589
1.191160	2.7748
1.190999	2.8085
1.190839	2.8255
1.191320	2.8400
1.190839	2.8549
1.190839	2.8681
1.191160	2.9085
1.190999	2.9248
1.191160	2.9585
1.191320	2.9715
1.190839	3.0094
1.190678	3.0255
1.190678	3.0585
1.190196	3.0727
1.190999	3.1071
1.190517	3.1202
1.190517	3.1360
1.190357	3.1497
1.190196	3.1623
1.190357	3.1800
1.189715	3.2072
1.190357	3.2239
1.190357	3.2571
1.190196	3.2687
1.190839	3.3070
1.190999	3.3216
1.190678	3.3545
1.191160	3.3729
1.190839	3.4096
1.190678	3.4235
1.190357	3.4387
1.190839	3.4536
1.190196	3.4685
1.190999	3.5046
1.190678	3.5201
1.190678	3.5569
1.190517	3.5729
1.190357	3.6079
1.190678	3.6239
1.190678	3.6567
1.190517	3.6689
1.190517	3.7074
1.190678	3.7191
1.190678	3.7372
1.190839	3.7505
1.190517	3.7634
1.190196	3.7814
1.190678	3.8105
1.190357	3.8255
1.190036	3.8528
1.190196	3.8686
1.189554	3.9083
1.190036	3.9212
1.190036	3.9501
1.190357	3.9709
1.190357	4.0094
1.190196	4.0279
1.190839	4.0417
1.190357	4.0559
1.190357	4.0702
1.190839	4.1083
1.190357	4.1230
1.190357	4.1591
1.189715	4.1697
1.190196	4.2100
1.190517	4.2255
1.190196	4.2577
1.190517	4.2748
1.190036	4.3075
1.190196	4.3229
1.189875	4.3377
1.190357	4.3498
1.189393	4.3675
1.189554	4.3805
1.190517	4.4093
1.189875	4.4248
1.190357	4.4576
1.190517	4.4708
1.190678	4.5088
1.190036	4.5225
1.190036	4.5583
1.190357	4.5705
1.190036	4.6098
1.190036	4.6241
1.190196	4.6407
1.190357	4.6549
1.189875	4.6692
1.190357	4.7068
1.190196	4.7211
1.190357	4.7591
1.190196	4.7734
1.189875	4.8106
1.189875	4.8244
1.190196	4.8589
1.190357	4.8733
1.190196	4.9085
1.190357	4.9278
1.190036	4.9458
1.189875	4.9598
1.190357	4.9732
1.189554	5.0097
1.190357	5.0259
1.190036	5.0571
1.189875	5.0714
1.189554	5.1069
1.190036	5.1219
1.190036	5.1559
1.190036	5.1735
1.189715	5.2103
1.190196	5.2239
1.189715	5.2363
1.189875	5.2542
1.189233	5.2687
1.189554	5.3072
1.189715	5.3184
1.189715	5.3497
1.190678	5.3738
1.190357	5.4102
1.189554	5.4248
1.190196	5.4567
1.190357	5.4693
1.190036	5.5078
1.189875	5.5232
1.190357	5.5367
1.190196	5.5506
1.189875	5.5642
1.190357	5.5778
1.190036	5.6108
1.190999	5.6249
1.190196	5.6555
1.190036	5.6694
1.189875	5.7081
1.190036	5.7232
1.190196	5.7580
1.190036	5.7720
1.189875	5.8097
1.190036	5.8246
1.190036	5.8387
1.189875	5.8513
1.190357	5.8682
1.190678	5.9071
1.190196	5.9226
1.190357	5.9579
1.189715	5.9733
1.190036	6.0085
1.189554	6.0231
1.190036	6.0582
1.189554	6.1075
1.190357	6.1233
1.189554	6.1379
1.189233	6.1520
1.190357	6.1637
1.190036	6.1781
1.189875	6.2094
1.190036	6.2232
1.189875	6.2494
1.189715	6.2732
1.190036	6.3062
1.190196	6.3230
1.190196	6.3582
1.189715	6.3697
1.189715	6.4110
1.189875	6.4238
1.189715	6.4397
1.189554	6.4547
1.189875	6.4694
1.189554	6.5090
1.189233	6.5233
1.189554	6.5588
1.189715	6.5731
1.189715	6.6111
1.189875	6.6286
1.189715	6.6572
1.189554	6.6725
1.189233	6.7079
1.189554	6.7213
1.189715	6.7353
1.190036	6.7492
1.189393	6.7635

Mean Power (dBm):	0.7568
Mean Power (mW):	1.190355
