Power (mW)	Time (sek)
0.514280458	0.0797879695892334
0.514285231	0.11288309097290039
0.51426678	0.14865374565124512
0.514298154	0.19771313667297363
0.514260435	0.24751687049865723
0.514304324	0.29773402214050293
0.514287269	0.34761834144592285
0.514285231	0.3987150192260742
0.514270039	0.4287145137786865
0.514313637	0.45900464057922363
0.514284242	0.4977846145629883
0.51428983	0.5467650890350342
0.514302053	0.5975625514984131
0.514283718	0.6474218368530273
0.514314044	0.6977236270904541
0.514289481	0.7278611660003662
0.514324929	0.7583210468292236
0.5142962910000001	0.797349214553833
0.514293264	0.8467082977294922
0.514307816	0.8969485759735107
0.514325977	0.946213960647583
0.514348154	0.9962491989135742
0.514358806	1.0297315120697021
0.514359737	1.0632059574127197
0.514417887	1.116072416305542
0.514409796	1.1662983894348145
0.514421554	1.212838888168335
0.514401472	1.262885570526123
0.514428539	1.3131177425384521
0.514393381	1.3485567569732666
0.514409505	1.3965435028076172
0.5143937310000001	1.4462525844573975
0.514396233	1.4967060089111328
0.5144100869999999	1.5467572212219238
0.5144281890000001	1.5960891246795654
0.514393032	1.6298651695251465
0.5143581660000001	1.6628737449645996
0.5144040919999999	1.7131574153900146
0.514385931	1.7664787769317627
0.514403626	1.8127925395965576
0.514364336	1.8665995597839355
0.514369458	1.9131274223327637
0.514348154	1.9465770721435547
0.514340529	1.9964873790740967
0.514360436	2.047701120376587
0.514357584	2.0959410667419434
0.5143198649999999	2.1462466716766357
0.514309795	2.1959657669067383
0.514321437	2.229710578918457
0.514309795	2.262813091278076
0.514361484	2.312788963317871
0.51432458	2.362806797027588
0.514433545	2.412733554840088
0.5143300510000001	2.4632070064544678
0.5141609	2.5125935077667236
0.513975974	2.54617977142334
0.513966603	2.5962648391723633
0.5139695129999999	2.646552801132202
0.513932144	2.696505546569824
0.513976905	2.747184991836548
0.513988605	2.796088695526123
0.514013111	2.831660509109497
0.5139895369999999	2.862131118774414
0.514036394	2.896291971206665
0.5140340649999999	2.9459011554718018
0.51402417	2.99593186378479
0.514026731	3.047473669052124
0.514023122	3.0962538719177246
0.514210318	3.1292195320129395
0.5141615399999999	3.162708044052124
0.514051877	3.2126171588897705
0.514254265	3.266169309616089
0.5144169550000001	3.3128066062927246
0.514143496	3.3668346405029297
0.514133193	3.4128925800323486
0.5142617159999999	3.4502105712890625
0.514137093	3.4959897994995117
0.514195708	3.5463345050811768
0.514308456	3.5957298278808594
0.514392043	3.6463077068328857
0.514341751	3.695667028427124
0.514299143	3.72910737991333
0.514334941	3.762486696243286
0.514398736	3.8126416206359863
0.514284242	3.8630926609039307
0.514051644	3.9126315116882324
0.513898791	3.9625332355499268
0.5140473369999999	4.012419700622559
0.514150946	4.046314477920532
0.514180632	4.0961384773254395
0.514224172	4.147414445877075
0.5141677100000001	4.196108818054199
0.514138956	4.246309518814087
0.514110608	4.29596471786499
0.5141182919999999	4.331653356552124
0.51406998	4.362495183944702
0.514043437	4.412460803985596
0.514037267	4.462613582611084
0.514026382	4.51280951499939
0.513995765	4.562326192855835
0.514057057	4.612914562225342
0.5140144489999999	4.648351430892944
0.5140192219999999	4.696084260940552
0.514018058	4.746143341064453
0.5139823769999999	4.796980857849121
0.5140505959999999	4.8460373878479
0.514085405	4.89582633972168
0.514030864	4.929538249969482
0.514003099	4.9627845287323
0.513938488	5.012331485748291
0.513993786	5.062702417373657
0.514063402	5.112926721572876
0.514031271	5.16252326965332
0.513999839	5.2122437953948975
0.513972191	5.247299432754517
0.5139881980000001	5.29685640335083
0.514044135	5.345410585403442
0.514068	5.399208307266235
0.514111831	5.445878028869629
0.514108338	5.495564699172974
0.514105661	5.528852701187134
0.514054031	5.562586307525635
0.51401474	5.614622116088867
0.514028419	5.6627912521362305
0.514114101	5.7154316902160645
0.5141403529999999	5.762399911880493
0.514124869	5.812785625457764
0.514127722	5.846021890640259
0.5140794089999999	5.896003723144531
0.514107756	5.947690725326538
0.514075218	5.995773553848267
0.5140729479999999	6.0470099449157715
0.514109386	6.096268653869629
0.514121319	6.1287994384765625
0.51410828	6.164074659347534
0.514110026	6.212347507476807
0.514110434	6.262354612350464
0.514069921	6.312124490737915
0.514052575	6.364595890045166
0.514044426	6.412145376205444
0.514055428	6.445717096328735
0.514043088	6.495728492736816
0.5140798750000001	6.545937538146973
0.513949199	6.612246513366699
0.513910083	6.662028074264526
0.514000596	6.712526559829712
0.514052808	6.745794773101807
0.514017069	6.7958385944366455
0.514040934	6.845109701156616
0.513984356	6.8974854946136475
0.514003506	6.945661783218384
0.513991457	6.999910593032837
0.514051586	7.028894901275635
0.5140292919999999	7.062506437301636
0.5140301660000001	7.112020254135132
0.514026382	7.162308692932129
0.5139847639999999	7.215383529663086
0.5139864519999999	7.262614488601685
0.514052575	7.3166823387146
0.514123822	7.346753120422363
0.514127431	7.3957085609436035
0.514131796	7.4453887939453125
0.51407452	7.495949983596802
0.5141190489999999	7.545328617095947
0.51412161	7.598195552825928
0.514210958	7.62820029258728
0.514197047	7.650268077850342
0.514210376	7.695427656173706
0.514166371	7.746736526489258
0.5140777209999999	7.795608282089233
0.5141048460000001	7.845241069793701
0.514077954	7.895294904708862
0.5141419239999999	7.9291956424713135
0.5141287109999999	7.963598012924194
0.514132669	8.012532711029053
0.51415799	8.065573930740356
0.514127431	8.11216950416565
0.514138956	8.161927700042725
0.514147745	8.211978673934937
0.514202577	8.245469331741333
0.514181273	8.297239303588867
0.514193322	8.345039129257202
0.5141765	8.395354270935059
0.514171959	8.445232391357422
0.5140951250000001	8.498270988464355
0.5141186409999999	8.528804302215576
0.514132669	8.555457830429077
0.5141836009999999	8.598576307296753
0.5141613070000001	8.645217418670654
0.5141244620000001	8.69550895690918
0.514147745	8.745155096054077
0.514143554	8.797633171081543
0.514188956	8.827982664108276
0.514175568	8.85548210144043
0.5141877340000001	8.895469427108765
0.514126208	8.947467803955078
0.514069281	8.995183229446411
0.51413913	9.047224044799805
0.514121319	9.09543251991272
0.5141184080000001	9.131104469299316
0.514131039	9.161385774612427
0.514150946	9.195538759231567
0.514177838	9.2449209690094
0.5141415749999999	9.29574465751648
0.5141547879999999	9.346572160720825
0.5141396540000001	9.3971426486969
0.514175452	9.4303879737854
0.5141822620000001	9.458399057388306
0.514193904	9.497414112091064
0.514164509	9.54761290550232
0.51404594	9.59552264213562
0.514060026	9.646583557128906
0.514022831	9.695764064788818
0.5139837740000001	9.728513240814209
0.51396148	9.763355731964111
0.513923354	9.81209659576416
0.513974868	9.865559816360474
0.513992738	9.914748191833496
0.5140318540000001	9.964373588562012
0.514011248	10.01520586013794
0.514048326	10.046771049499512
0.514044019	10.096926927566528
0.514047395	10.14719820022583
0.513994717	10.197373390197754
0.514003215	10.245211839675903
0.514002168	10.294688701629639
0.514051877	10.328665494918823
0.514072832	10.362460136413574
0.514081854	10.411410808563232
0.514061365	10.46187949180603
0.513957231	10.51480507850647
0.513907289	10.564734697341919
0.513828418	10.613580703735352
0.5138572889999999	10.647189855575562
0.513845647	10.696927070617676
0.513861363	10.747558355331421
0.513803912	10.796368837356567
0.51373092	10.844995975494385
0.513692852	10.898538589477539
0.5137331319999999	10.928479433059692
0.513744482	10.957065343856812
0.51379035	10.997404336929321
0.513716135	11.046748161315918
0.513565668	11.096768140792847
0.5134385429999999	11.146155595779419
0.5133932569999999	11.19794774055481
0.513453037	11.227758884429932
0.513458799	11.26099681854248
0.5134084489999999	11.314970970153809
0.513432664	11.360902547836304
0.513390056	11.416605234146118
0.513372128	11.461776971817017
0.513314677	11.516026020050049
0.513327075	11.5448899269104
0.513291277	11.595170259475708
0.51327236	11.644989967346191
0.513285806	11.697032690048218
0.513316481	11.745022058486938
0.513314968	11.795134544372559
0.513363048	11.830707788467407
0.513394305	11.860860586166382
0.513420731	11.895358562469482
0.513465959	11.947538137435913
0.51352568	11.994740962982178
0.513522129	12.04717755317688
0.513416831	12.094817399978638
0.513315201	12.131181240081787
0.513290055	12.161270380020142
0.513253501	12.202208280563354
0.5132510560000001	12.247198581695557
0.5132894729999999	12.29520559310913
0.513364968	12.34523606300354
0.513403618	12.398589849472046
0.513455365	12.428602695465088
0.5134950039999999	12.454373836517334
0.513558276	12.49468183517456
0.5136114780000001	12.545183420181274
0.51368773	12.5949866771698
0.513771665	12.644798994064331
0.513824983	12.694470643997192
0.5138545529999999	12.730343341827393
0.513896288	12.760772705078125
0.5139175920000001	12.797333002090454
0.513941748	12.844943523406982
0.513968233	12.897282600402832
0.5139966380000001	12.945229768753052
0.513987266	13.000261068344116
0.513965322	13.031130313873291
0.513967942	13.061231851577759
0.513944717	13.111234903335571
0.5139685820000001	13.161627292633057
0.513964333	13.215938091278076
0.5140246940000001	13.261657238006592
0.513999199	13.31675386428833
0.5140340649999999	13.345895767211914
0.5140277209999999	13.395028352737427
0.51406963	13.444465398788452
0.514108746	13.497200965881348
0.514151179	13.547109365463257
0.514155894	13.597944974899292
Power (dBm)
27.109938703748405