Power (mW)	Time (sek)
0.513152278	0.09964418411254883
0.5131250949999999	0.13689827919006348
0.5131512300000001	0.1669454574584961
0.51314669	0.20583081245422363
0.513123407	0.23661589622497559
0.513148261	0.2721822261810303
0.513153442	0.3206329345703125
0.5131340590000001	0.36675381660461426
0.513135805	0.4197535514831543
0.513125386	0.4732508659362793
0.513127772	0.4996819496154785
0.513119565	0.5348753929138184
0.513124105	0.5679049491882324
0.513128703	0.616281270980835
0.513105013	0.6686751842498779
0.5131101929999999	0.7216994762420654
0.513088598	0.7662961483001709
0.51309244	0.7998988628387451
0.5130898789999999	0.8344712257385254
0.513117644	0.8665475845336914
0.513110484	0.9183862209320068
0.5130735230000001	0.9664788246154785
0.513092207	1.016505479812622
0.513083651	1.0666429996490479
0.513100647	1.0998129844665527
0.513084058	1.132596492767334
0.513106701	1.1734602451324463
0.513099949	1.2163383960723877
0.5130947100000001	1.266594648361206
0.513147388	1.3165760040283203
0.5132459340000001	1.3736927509307861
0.5132793449999999	1.399367094039917
0.513029576	1.4331779479980469
0.51305606	1.471961259841919
0.513028819	1.5162177085876465
0.512980798	1.5716133117675781
0.5129752679999999	1.616086483001709
0.5129601340000001	1.6664214134216309
0.513000472	1.6998929977416992
0.51299145	1.733135461807251
0.51304081	1.7666282653808594
0.5130386560000001	1.816009521484375
0.513047678	1.8733751773834229
0.513089239	1.9161791801452637
0.513125677	1.9664151668548584
0.51319151	2.0042123794555664
0.51319733	2.033024311065674
0.51320612	2.0660386085510254
0.5132100199999999	2.125486135482788
0.513134175	2.1665475368499756
0.513086619	2.22054123878479
0.513054372	2.2662057876586914
0.51310187	2.299686908721924
0.513100182	2.332833766937256
0.513082487	2.37376070022583
0.513052684	2.4217636585235596
0.513070554	2.466460943222046
0.51309116	2.5263655185699463
0.51304599	2.5736021995544434
0.513066247	2.599372625350952
0.513052451	2.634153366088867
0.513080333	2.6660561561584473
0.513070845	2.7161920070648193
0.51302003	2.7656242847442627
0.512617407	2.8245935440063477
0.512341096	2.865781307220459
0.512601226	2.899651288986206
0.5126787	2.9330337047576904
0.5126140899999999	2.9717891216278076
0.5126899340000001	3.016324996948242
0.512832252	3.0736465454101562
0.512870029	3.116121530532837
0.512853905	3.1662864685058594
0.512886851	3.199117660522461
0.5128758489999999	3.232903242111206
0.512898143	3.2764270305633545
0.5128887710000001	3.3259849548339844
0.512847211	3.3659982681274414
0.512839993	3.4156758785247803
0.512807455	3.4660680294036865
0.5128522169999999	3.5035040378570557
0.5128319610000001	3.532414197921753
0.512787781	3.574644088745117
0.512815604	3.6155242919921875
0.512790284	3.665719509124756
0.512899715	3.721478223800659
0.5129372000000001	3.767735004425049
0.512938714	3.799424886703491
0.512908096	3.8325352668762207
0.512912928	3.866022825241089
0.512913335	3.921499252319336
0.512891333	3.9661569595336914
0.5129174679999999	4.0245912075042725
0.512904313	4.065421104431152
0.512922648	4.099340915679932
0.5128958149999999	4.133956432342529
0.5129293420000001	4.165819406509399
0.512951287	4.216054677963257
0.5129472119999999	4.273610830307007
0.512921077	4.316006898880005
0.5129122869999999	4.36572790145874
0.512985978	4.399465560913086
0.512983999	4.4329235553741455
0.5130385399999999	4.465566158294678
0.513042731	4.5252685546875
0.513009785	4.565646648406982
0.51305216	4.61611270904541
0.513057981	4.6709864139556885
0.513085106	4.699039697647095
0.513050647	4.73222541809082
0.513080566	4.768495321273804
0.5130814389999999	4.815937519073486
0.51304762	4.87154483795166
0.513063162	4.926130056381226
0.512969738	4.968735933303833
0.512999541	4.999044179916382
0.513019739	5.032717227935791
0.513065315	5.0658228397369385
0.5131163630000001	5.115506172180176
0.513086386	5.16604208946228
0.513099309	5.2245776653289795
0.513071835	5.2659478187561035
0.513103383	5.2989137172698975
0.513086678	5.332077264785767
0.513103034	5.3656556606292725
0.51310414	5.415094614028931
0.513074745	5.465392589569092
0.513113162	5.515261173248291
0.513098261	5.565855026245117
0.513128703	5.599411725997925
0.513120613	5.631999254226685
0.513171253	5.66594934463501
0.513195526	5.727517366409302
0.5131615909999999	5.765697717666626
0.5131652	5.821115016937256
0.513112929	5.865943193435669
0.513141276	5.900450944900513
0.513123756	5.933939456939697
0.513157982	5.965762138366699
0.5131463399999999	6.015898704528809
0.513093721	6.0659425258636475
0.51309116	6.125921726226807
0.513059262	6.165457248687744
0.513115956	6.198903799057007
0.513084058	6.232598781585693
0.513125386	6.275970458984375
0.5131457	6.3158860206604
0.513135106	6.368340492248535
0.5131615909999999	6.415402412414551
0.5131573420000001	6.465315818786621
0.513209146	6.4993791580200195
0.513199018	6.532342433929443
0.513233244	6.571122884750366
0.5132465159999999	6.623444318771362
0.513213861	6.671192646026611
0.513249077	6.725691080093384
0.5132450019999999	6.765519857406616
0.51327463	6.798519134521484
0.5132571100000001	6.832447052001953
0.513287087	6.873439311981201
0.513295527	6.925415992736816
0.513269624	6.965382814407349
0.5132895310000001	7.015889644622803
0.5132594380000001	7.0668511390686035
0.5132922089999999	7.099148988723755
0.513269159	7.133718490600586
0.513303617	7.168236017227173
0.513317413	7.2173566818237305
0.513285806	7.266715049743652
0.513299601	7.326062917709351
0.513277773	7.367365598678589
0.513307517	7.398545742034912
0.513264269	7.4320433139801025
0.5132787050000001	7.467664003372192
0.513271021	7.517341375350952
0.513249426	7.572990655899048
0.513285806	7.617766380310059
0.5132526860000001	7.66843843460083
0.5132693909999999	7.702345132827759
0.5132391230000001	7.736358642578125
0.513250416	7.767199277877808
0.51326293	7.817732572555542
0.513205712	7.86871337890625
0.5132160729999999	7.923067569732666
0.5131516370000001	7.965341567993164
0.513180275	8.003561973571777
0.51315414	8.031641721725464
0.513174862	8.072467565536499
0.513174164	8.11765718460083
0.51314052	8.165503740310669
0.51315513	8.220903396606445
0.513115956	8.272710800170898
0.5131380750000001	8.301645755767822
0.513102801	8.334010362625122
0.5131177020000001	8.367254972457886
0.513119332	8.41969609260559
0.513099192	8.491572141647339
0.513143779	8.543591499328613
0.5131163049999999	8.591920375823975
0.51314343	8.615183115005493
0.513125386	8.665464162826538
0.51316031	8.72478437423706
0.513146981	8.772858619689941
0.513186736	8.824184656143188
0.513176084	8.86549425125122
0.513216422	8.898833751678467
0.513199659	8.934489011764526
0.513220555	8.972925901412964
0.513233012	9.015245199203491
0.513200299	9.065348148345947
0.513231964	9.120260953903198
0.513200532	9.16667890548706
0.513218634	9.198362112045288
0.513172476	9.233943700790405
0.5132046060000001	9.269301176071167
0.513193198	9.315328121185303
0.513170962	9.373481035232544
0.513177656	9.424447059631348
0.513118983	9.467861413955688
0.513133709	9.49822473526001
0.513087085	9.531980991363525
0.513072067	9.565022945404053
0.513068109	9.615139722824097
0.513009785	9.67359733581543
0.513002451	9.72545051574707
0.51298883	9.765169143676758
0.512980332	9.798316955566406
0.5129456400000001	9.83190655708313
0.512947445	9.871403217315674
0.512954895	9.916517972946167
0.512921077	9.967645645141602
0.5129520430000001	10.015069484710693
0.51292131	10.065413475036621
0.5129300410000001	10.103768825531006
0.512901228	10.13163423538208
0.5129190979999999	10.173563003540039
0.512911705	10.220592975616455
0.512891391	10.26531195640564
0.512906874	10.318691730499268
0.512919447	10.365994453430176
0.512953673	10.398505687713623
0.512963568	10.435094594955444
0.512957224	10.465096473693848
0.512968283	10.52536392211914
0.512975908	10.57254409790039
0.5129920899999999	10.624431848526001
0.51297422	10.672833681106567
0.51298528	10.703836917877197
0.5129604830000001	10.733832597732544
0.512963685	10.773297548294067
0.512932718	10.821338176727295
0.5129000060000001	10.871219635009766
0.512898492	10.92142105102539
0.5128626359999999	10.971308708190918
0.512831321	11.003868579864502
0.512797153	11.033948421478271
0.512794475	11.073548555374146
0.5127764309999999	11.121155500411987
0.512765488	11.171329021453857
0.512790051	11.221482038497925
0.5127700279999999	11.26780366897583
0.512743485	11.304185152053833
0.512711878	11.331745386123657
0.5126925529999999	11.365179777145386
0.5126919710000001	11.415167093276978
0.512680912	11.465219736099243
0.512699597	11.524091243743896
0.51272288	11.564482688903809
0.5127660700000001	11.603615283966064
0.512769329	11.631297588348389
0.512766128	11.664979934692383
0.512756465	11.72527551651001
0.5127503539999999	11.772903442382812
0.512734812	11.814696550369263
0.512743252	11.865150690078735
0.512751925	11.902171611785889
0.512751285	11.931364297866821
0.512733823	11.965420007705688
0.5127367909999999	12.018880128860474
0.512707746	12.06510066986084
0.512713159	12.119060277938843
0.512736442	12.165034055709839
0.512730156	12.200799465179443
0.512723869	12.231290102005005
0.512708677	12.265034437179565
0.5126703180000001	12.315057754516602
0.512635394	12.365023374557495
0.5126564060000001	12.414756059646606
0.5127115870000001	12.464702844619751
0.512758677	12.498295783996582
0.51277224	12.53171157836914
0.512757455	12.564450740814209
0.512737723	12.615111351013184
0.512721308	12.672895193099976
0.512715837	12.725009202957153
0.512735394	12.76474404335022
0.5127448240000001	12.798308372497559
0.5127487239999999	12.831503868103027
0.512714498	12.869073152542114
0.512693485	12.925472021102905
Power (dBm)
27.101339902410547